1914174727,1923257508,1030466108,498954926,480375561,155511166,757839197390503936,328187070,2266071410,4886843202,2997045180,707706261370855426,779509437157429248,2297798923,3016740481,264642764,701075062946803713,717694753,778572343203418112,2932864364,387614435,138818870,2275310204,396190834,1560825530,803631078770475008,2994219534,116929161,936338731,395388469,112158861,2949646880,789430853516468224,4883012718,3085731570,4255949772,23207847,99177928,119244555,1588040784,2613370674,68988563,2465862210,2219883769,815924518585704449,4465169900,754447630575341568,794232145703145473,75789891,1561529839,1590273103,3047619990,1664121583,1446432721,124237022,718035774982070277,3016308662,162287986,3004434288,185112212,761555897105526784,244450588,169419556,1923392100,523284615,2478000512,4257988812,2522510732,945591648,189102105,271967816,2946766058,2328461226,19968614,697005636467339264,609720669,2909471707,834376005980610561,3519905906,3187508120,45284903,345339150,546861803,779269528517685248,3692047634,85007811,1453796677,183768765,383725364,2697828972,4701349939,2210034768,761171131,1374402666,718787043875160065,2523875604,2899950350,89982090,3198404371,4314553642,2515078770,176053446,113963771,2791418147,1568490468,395604260,726272970553843712,906404024,83156849,2396976803,2338220575,2720693072,612578227,2960828269,6666552,806724914484908033,442380252,2610019009,1394168604,731492959615483905,818738318619721728,4120233199,986168054,1896712657,174831676,2183982811,777098130885971968,1500644089,3260727974,5290542,2190383616,137068020,2981274541,416065669,2941184210,716180530488680449,793371642223206400,2938019995,4310298073,1570557834,456601133,2237499230,748868942899257346,3439483528,1541114222,395447850,4620300793,81546559,1404931322,254977048,2906868684,1637758243,748669863535620096,725102103606104065,740885839735988225,1901893176,862576754,2969056416,789030318569205760,158340883,95866345,2175506810,188697407,2968709888,64911650,289777060,295546636,141041752,17331823,2827288428,2680714453,4225428793,2512541436,765179539836194816,2359432340,1704834752,105669733,403210652,590905880,779574692155764736,768685499858825216,792655627612856320,1315708904,707213886,2599922191,1242502423,4021939760,2357664295,225779019,720180643817082881,87903325,90668355,705760993800904705,411629497,57169686,787865180386369536,1497331165,844960590,1402278799,3692009952,2951643788,2399288486,3313300826,2299007144,3258961664,3221240714,2887582890,96519178,1583594232,364710338,919732056,2738379740,2923747476,2999998544,4888301315,72840900,1068050388,757744091463430144,3271445514,70594615,131162915,221302426,43575413,264543313,16739926,1912624046,1396556856,396186711,17267835,2267014052,189122642,2899341306,2853240902,2997332484,237709479,129090590,916553269,2937110376,585708639,1519209254,4839511112,730034216340103168,1394659752,4736964470,1707067321,215626926,47908556,4869795734,992328512,71928861,2847670248,4643355547,502463677,729265190336749569,348332056,2290780302,2384525437,2280505645,578082886,3220256029,1489266498,373383877,127193675,114587449,1427449448,1130210539,1602120230,2902607143,303036121,4825226484,3846622158,183116772,218479938,2829282374,140957446,2690156761,98011330,848640152,4147795518,899488688,251584750,275605379,2589439710,56301225,2665736263,266503807,135330990,118974500,129030828,16285524,110709900,1320388813,1954010442,63139494,742835747372163073,3224952704,3989882546,508982156,3313173612,2903589775,806008400555323392,527459582,392577410,3007006467,3278895228,26724795,3295499509,1660285278,553709325,4056198313,2781539227,607274782,248257032,3745595899,1602479094,166869626,3309086234,2918775564,1340497334,2593143055,4065379514,105149336,3241346990,251533156,714117104446758912,903709178,711386338314964993,459932653,4711433653,619561685,1588912886,597948644,758433488,3235263822,77198783,1322866494,160941955,741641976844451840,442905741,1958623826,172028151,3245875904,142262917,2280673579,4859109288,810868398028505088,63226619,127391018,777508402347913216,813775748129431552,51000475,2835761502,717387731505025024,1530513571,158233483,91741468,2377323757,2569746361,3670664774,4912060712,1904863260,2944929686,133220440,824180272153460736,783917627928293376,546895200,741278396785643520,1241285960,748512274558517248,185959083,793051566076858368,3222456205,728453601920581632,3225277790,701144416677810177,732405204058923008,1659378176,3850576632,2390946139,184749270,793978848,768982466,1087615892,3021901800,4623285019,832496588635279360,3823047554,729193643257401344,22360236,744155844250460160,2605298414,3043285524,2188117411,3101428518,1246097623,2547194177,2931796370,2949576841,2283428048,404756178,827610603753598976,1238694614,1487057005,3238222493,3259133840,4756438160,833881897,2279256234,2769563046,119031036,90078908,971116645,196503158,1713905972,95336816,732916500982439936,802383225460883456,226644655,1358587040,4817353753,761885427166908416,3284686302,782497272374317056,174980721,99455113,1680251952,3068406155,139990774,386928380,3011202535,580923825,3286002368,2803300472,444716886,2453267719,1677231800,3012229621,783691840717336576,2346571680,125367299,3160221998,782946853755035649,2211586615,297796383,711498075315933184,2202577861,159963303,760073383476199424,349658830,1746003552,555883563,3007718515,2476522010,2191321321,120972387,501750305,304422692,2835512472,60944774,238545186,1304664565,265761961,2908846244,2993491856,1441197236,733105668509470721,1576182336,331647240,720561686243979266,4755726978,94856113,2191464510,333206843,2581834844,2212323386,2191969436,809966345282433024,2228141287,529285386,1840846752,481671709,596588159,753560426722435073,268215436,3315771638,122950194,241946031,193741019,6222522,702795979355914240,744504775283093505,2965261957,595139186,401786537,3152367864,113762035,2561269560,98351622,3430377312,2779271676,1261905631,3141868087,743039016,352218399,1624128882,3581742733,3253300658,229845375,1611985321,2539035872,566322918,120859260,2169680666,223071728,781823883372486660,98088718,4478374399,2467871077,794633224399962115,237941305,2217652862,266418677,819701467070099457,68079334,109277332,113746111,804567449269977089,1344403021,212951869,362553149,1085770236,4396859658,3142685670,4389251666,3252399468,266566453,2957234684,1518429902,263058668,2922700130,727738475492089857,2500460491,1070515970,2490834896,1637828282,2388498871,781720701744975872,151214284,4787553445,2976235435,3268670234,3268635361,497038699,395385475,2976815005,3991708092,484011154,2839370052,188869124,192142590,722631382208352256,1730267449,615208416,3067325389,708907958873120769,555026658,789089300658782208,1148022558,802474158126809088,85783517,3013511232,925440013,4453584134,784394818059276288,3166521505,2914622503,60893404,728215526585966592,4708158524,2232883778,756165362803052545,819442086009155584,176365227,1389378229,2831754037,727483736179118080,304241339,2829605666,1551968947,2332723700,753449225447354368,2504857818,312103989,2543379835,740773308304609280,2456535746,54568260,3279155857,1407521846,233510956,198535546,181816847,2402677115,702642855588663296,1925568036,3134636616,757716155817615360,3288589502,3357260413,165271152,1455698185,2364310147,129679645,2394288816,104996143,812198676042915840,3159757021,2911784113,823277386556932098,610884045,104460206,2365023114,41787094,1386281251,327705423,105140747,4856011,2434624418,226932903,236650515,764148432,469767523,415375895,385309046,232816019,2280447314,589901451,248121914,313220725,487119609,1711375848,2701270884,133113699,17571947,751158317896970240,180195399,2547169823,459006416,235862675,60025866,2950170726,46870455,1958579023,2551368913,1028369821,2929595516,1915911403,1665500850,1226992014,2350082330,576051950,615814621,4830205428,4532792473,15880939,717970547196321792,144366284,4781867180,829933342640398338,99935747,4680684620,260251167,2862806580,977900888,2546343289,1562215802,595862922,3059645574,733935383667302400,816811554335096832,138443914,481088698,509561290,355056237,1368654480,131128662,2565480336,2540278339,2264756869,1300074229,1384522674,817048352130895872,119558224,3283072914,4781739864,2956051663,761160318202499072,155402806,379130207,1335769410,2693014232,886193670,2866691292,2505612338,156257912,2162338776,320115927,138246847,1885878570,4145320993,134294350,560960996,755787719821758464,772026508869181440,120603339,770099384700833792,2956181353,2304445310,96116357,221130619,769375341903093760,175791766,217753585,714778686881280001,710075310436265984,717012344,766631804983836673,927643128,109213967,765570014300610562,137631586,490136337,222780336,137011868,768056434240069632,1088016349,146764879,3021325016,74673670,745616877473275906,795632868097564672,2611068324,68651166,5903462,710407287261691904,2346284875,3266178228,754185677076443136,3059637102,15888322,400720799,3238074571,3349941013,4672810092,710972975365816320,1637533123,787787890122104832,212558734,138683641,2954885077,21074238,743084460,300766678,128739718,1582220683,176002709,722269321053863938,750319160907804673,2411033672,746994897794674688,2289178704,118714827,246120775,4905733699,787924457675300864,700409413610266624,97778363,2960790632,1948723693,14071487,2414069162,3479958313,91386211,90616657,2235571201,101739431,2864572483,1274949824,797376118571401216,196943352,4333547052,4849685527,739800457141358592,40820428,81838565,109519099,3191601605,1550432521,2914825170,705609171773710337,742260184014151680,243536785,2454273270,2791638212,1878666397,1242582606,1050134665,709258447594725376,716422721190567937,716895575791173632,714356562521772032,1064929135,757213372731367424,1524583459,163851648,2376483468,164165832,2613582037,431506334,719305439943352320,184765238,3124329918,821550209406672896,1128062978,3059942878,3059079860,41325693,765219304849547264,768965835486396416,2709103004,2569183536,2827458444,1716054764,61083693,156913780,526415298,4546935254,2604224318,805795141,3692872332,3183690284,3190683740,2476754846,1405527152,154172251,444716879,588288093,2872727930,278439768,778134168270176256,3504291853,3016808004,3026278898,1294382310,101468392,714936957671837696,328295100,1719041598,757145266549952512,3143217727,223562485,400186751,4834033572,1189391060,4113111434,3848248753,109163851,3014416987,3700507397,758889551448330240,152631181,2489770873,3299338112,769762423360282625,4821219145,108890771,592686818,395449160,148237292,336288480,3100206492,707240084,422219213,3274658347,91590213,2816918119,4751579246,729275870121091072,1960742172,2832331820,400655783,120421703,3969103993,784078036236800000,2263777033,1403983866,754037216,783261804075986944,2837530112,759908604,4761028812,6386322,3159746378,418816395,732604643071524865,113805879,469301865,1172700452,779613399428665344,1492505839,29175989,1153425648,128543793,4087042812,60851155,783442572941197312,920232534,2810118211,3282432350,158227376,1886224830,2528784290,1958886504,2906082840,4188031932,170643434,185537270,2659241666,542159734,982997587,2428405094,2592674288,4894940130,2338020751,121450191,153730775,498802919,1497955747,727414870316994560,237245763,1274913919,156965743,168471480,1462827506,1574928770,454092313,477662077,3103028214,2720627318,771987659321290752,541826661,742697102665338880,608096679,2169474756,2880583754,816662341630595072,578221275,42040834,624760913,114520373,3016120939,180819084,87209142,2439047504,120672856,1548053930,1209260426,472372738,4087720994,3047897750,1574148823,809338516823904256,2922610254,125926487,101405831,1116224688,1945768196,583810603,724431547294617600,782968141110317057,1685386622,2957695782,741257818414534657,314596015,1542516511,2687845069,482754950,698875658072563714,4246439894,1402369591,138446630,143395531,1413237433,2973629868,66702733,106783095,2770523270,712443843786854401,301338061,90522012
428033583,2467610532,1082334186,545355018,4465169900,2338020751,3022689258,3124329918,787566419110088704,2219883769,7622742,400186751,2332723700,2821921836,477375328,4104111,159386338,2384525437,232816019,84279864,1409334038,2947862881,977900888,3272542110,77198783,562773398,715510347952562176,1274913919,17622782,2322305444,702642855588663296,174980721,155111912,144392290,92753161,4830205428,95336816,237941305,1427449448,2263777033,3059645574,2816721649,784867865589456896,175901162,331647240,100532963,2548038427,754185677076443136,527459582,21505514,129030828,221302426,1389378229,300730090,59111213,1840846752,3182466757,2273833272,803175991665303552,415375895,89982090,250016546,992328512,730034216340103168,14071487,2280673579,71693408,176053446,770702994,51000475,90522012,2893328989,3033693128,99935747,246120775,300766678,1387221337,2258866224,138443914,154172251,3722466014,1930771656,60302547,105781620,743416529476190210,4844688865,1583594232,220942976,303036121,2969056416,72840900,118714827,4756438160,819701467070099457,4501201,2932864364,287084597,123239317,44628277,3229887271,4221933860,2956746224,1711375848,3273648612,63226619,2211586615,257166526,2264756869,771287360436772866,136864085,1189391060,3313011139,480375561,99065146,729193643257401344,742353235462127616,2610019009,768743121937051648,2359432340,416950195,298605192,15888322,732446467852513280,263058668,3226122824,1344776983,927643128,95411578,146764879,137011868,2954885077,2951167880,386928380,454092313,108925802,251584750,314596015,444716886,2210034768,1001251453,2357664295,140957446,2697828972,101332395,758889551448330240,485238371,2887582890,128796794,1217589314,360948977,370956885,106295294,183768765,2687845069,129140893,906404024,127193675,742835747372163073,191817779,578221275,223723022,354036380,2680714453,1524583459,2574011125,1588912886,328295100,750319160907804673,2720693072,799750525,278123639,2216911134,66702733,1403983866,233080060,4736964470,150876450,768545203,268215436,2191464510,107980971,697005636467339264,743733183468834816,174432016,112983529,107880424,2394288816,125043651,2685151880,546728886,1613064720,2528784290,3159746378,2946382771,41325693,783691840717336576,218479938,35202072,774582814951940097,3167639346,154152824,595139186,779509437157429248,1945768196,755787719821758464,3891008893,1241285960,754645415165702144,1226992014,3222456205,2399288486,2914622503,2902607143,2991461565,2412273678,2297798923,160111545,477662077,1500644089,4856011,217753585,158233483,381475602,3142713626,817048352130895872,2428405094,22360236,803596488802586625,106359350,133220440,3309086234,781823883372486660,1242582606,1913156420,4782056988,42040834,1318631102,142262917,2931796370,2858688673,2514846540,121414271,753449225447354368,4246439894,2909471707,2465862210,313220725,64911650,750603419241504768,128559255,725843530095063041,704667718339813376,3066310974,355467508,101739431,225675042,4821219145,162287986,2908952196,2829605666,2150204197,3013846345,109519099,794071806583787520,2539035872,784078036236800000,2498932416,134752598,916553269,60025866,2999619314,539587820,508982156,205169295,2351195210,3021901800,83156849,1573060256,743084460,485235199,716422721190567937,56301225,92285753,3064386756,172028151,336288480,362401254,14236392,2956051663,3059942878,71928861,130329826,753083036728717312,2350082330,789030318569205760,766631804983836673,741257818414534657,416065669,711498075315933184,2684049415,1570186922,402615426,178685274,3320623284,260251167,364322393,3139636165,80518531,1489266498,821550209406672896,118974500,156257912,886193670,3315835183,4325708541,542159734,1660285278,607274782,1340497334,1297437864,2232883778,2328195722,1878666397,380100882,1881584940,2589439710,3313173612,701075062946803713,112433242,233510956,274533438,2938019995,709258447594725376,110107287,1390982906,1927123123,207588434,1562215802,156249975,1220505270,2212323386,1923257508,1303472900,6386322,63139494,982997587,3313300826,719305439943352320,277024032,362553149,1217053128,174831676,1413237433,158227376,729265190336749569,3274075003,2957695782,3118978807,1896712657,1050134665,4262358912,2397470018,2701270884,2725768646,170643434,2376522181,183116772,2543379835,248753408,745616877473275906,95866345,287025479,4834033572,717387731505025024,1704834752,1300074229,404756178,1625031198,2523875604,1274949824,188869124,1427652896,189345241,2840853390,6666552,2605699718,2364862603,2479331617,544432854,2946766058,2388498871,113901544,3605152476,3704866644,109277332,553709325,55897052,761171131,1912624046,3282303163,1253389628,703256340370599940,1013431068,3184125042,17445709,96519178,4021939760,716180530488680449,403210652,714356562521772032,783261804075986944,1948723693,742781576132468736,1085770236,2565480336,789418088143818752,173787609,3160221998,17331823,2791418147,2280447314,561197036,2169680666,16896171,716895575791173632,480180905,529256619,62081592,2956181353,794680998306856960,710075310436265984,4310298073,109213967,2358798516,2215425332,1178699515,815924518585704449,87903325,1859898992,251533156,105669733,271699660,207071154,472372738,1023178586,133113699,2973629868,90078908,765179539836194816,754311327242268672,444716879,2894633588,2852621401,1358587040,706213496,2301116940,546861803,1148022558,2904619256,91948741,238144988,73595806,775946400,1633134696,360623475,229849539,2922610254,112158861,3228138577,751158317896970240,3493408212,609720669,109937762,701313023814688768,3011202535,2941184210,4948611,2870475259,595525996,188697407,99177928,2368837812,77980998,2569183536,2835761502,113963771,2835512472,210404823,129801566,3045517662,343164845,3876073340,2965261957,767212487229841408,1282829802,782497272374317056,2801953260,2504857818,2235571201,1611985321,1209260426,4643355547,722269321053863938,312103989,4912060712,919732056,1369359684,2317151762,2899950350,115694863,3016808004,2270370175,78941164,1637758243,945591648,1016354442,1680251952,2304445310,113697022,333528022,153730775,732938444532391937,3241346990,91741468,3156133814,4888167033,1322866494,1294382310,3007718515,2847670248,172235076,3015929022,112720670,546895200,36914160,57169686,179374042,4314553642,2948034020,368996234,834376005980610561,120859260,6882322,3031523547,732729301926207488,502463677,585708639,440692431,793371642223206400,126281264,803393343145185280,502391544,135527624,764148432,18468872,377443117,229845375,297796383,238545186,1901893176,131128662,1326553327,717012344,1602120230,1396556856,4886843202,1013319692,1284821245,198535546,702795979355914240,761835916700680192,120417286,3266178228,76962633,46610863,964095883,2299007144,738423151365787648,3191601605,4905733699,925440013,138446630,2546343289,739298937794793472,13001522,86129051,129999273,2901049411,829933342640398338,718787043875160065,760073383476199424,49009062,4344107120,1690429566,990893935,121117243,751638800422449152,731492959615483905,2589737796,124287961,2389268486,120421703,792655627612856320,1490574733,788601939739172864,2447077172,1542516511,106783095,196499771,114587449,4156893505,400720799,275441071,629230988,4157877853,192070202,718772633421029376,3283072914,140433991,769078370495819776,3295499509,2346571680,104460206,247558355,2937110376,2471854483,2411033672,726851210787979264,2547169823,254977048,3237977286,3991708092,240702115,4708158524,1368654480,255623996,3260727974,824180272153460736,705760993800904705,395449160,537824905,4147795518,415468902,2679930006,369864517,158340883,3969103993,135330990,771987659321290752,2228141287,2402677115,2597811446,280092340,810868398028505088,118682557,1477002594,3108518246,2799716282,1487057005,2396823888,793978848,108246334,733935383667302400,768982466,106019042,114155473,138020525,1032800256,777508402347913216,2463103940,710972975365816320,84240596,2406845360,555026658,3258961664,3047897750,2454273270,2512541436,3067325389,168607318,976523503,11637282,778572343203418112,757145266549952512,2914825170,203032385,383725364,287495267,2175506810,392766280,225779019,61083693,2607362299,120672856,45284903,3174570264,3062499212,903709178,222780336,2505612338,3278895228,2901830690,3142099214,2241973256,860245549,4396859658,101468392,85783517,117132594,121450191,3198404371,833881897,2922323264,2229758856,3284686302,2364310147,249156356,141041752,790016653190803456,795927309467271169,4120233199,749212746202308608,4179349514,438356794,204365639,849023989,1246097623,2976235435,3143217727,3217461834,832496588635279360,819442086009155584,610884045,345927296,284035120,4604176574,1304664565,105975160,327967013,108952977,1399411568,89237626,2951643788,2391166176,1676527405,3251419254,107042980,754037216,160151033,701144416677810177,164670171,21074238,4711433653,348332056,156921608,113676702,98011330,2979419311,1923392100,1497955747,3187508120,1242502423,196943352,2453832720,237245763,1671505184,795632868097564672,2561269560,595862922,127391018,223913838,777383852952031232,2214284466,97778363,2786014987,1665500850,3160141104,597948644,2578584218,345339150,355056237,1904863260,742338043026112514,2217652862,4817353753,803251242,768965835486396416,244450588,113931985,379130207,451499439,108198353,1644777469,3223458360,741641976844451840,2323518397,726597173937233920,173096808,3504291853,766870725093318656,17571947,4273444521,4113111434,1730267449,1384684081,1590273103,1462827506,4812885373,787787890122104832,271967816,3758190073,748512274558517248,6222522,195746332,803631078770475008,3238074571,264320265,2453267719,469301865,401786537,524276382,2908846244,2359727948,717970547196321792,787865180386369536,2405464129,2283428048,14875072,2831754037,290963073,142678436,264642764,560421099,2937115692,203576003,98031440,566322918,896994926,1632545628,707213886,3739847609,300684112,1261905631,1407521846,816811554335096832,1404931322,1254144932,2489770873,3286002368,17884379,145452099,230387191,2254646966,1064929135,167931263,732247572899713024,3519905906,2611068324,90668355,748868942899257346,389950297,3858471734,1664121583,727414870316994560,49116473,200829722,744308421298528256,1685386622,3308914040,96357612,4087720994,113873165,14514082,793051566076858368,2585552538,707636043562901504,1871200603,2390946139,124613689,4787553445,2376555253,742260184014151680,240709714,151214284,735066037385715712,2659241666,725102103606104065,125644441,757476442192039936,730233739419082753,300904401,304422692,3041678240,320115927,114520373,171034194,143395531,4389251666,137631586,3101428518,133361507,1402278799,3109619280,1914174727,108923858,728453601920581632,3537978979,4333547052,1548053930,848640152,728215526585966592,3823047554,1138476499,43575413,181816847,10351512,720180643817082881,145343806,781720701744975872,171024778,1519209254,2704524403,789089300658782208,2613370674,3407100080,113940659,170502934,1640228828,3271445514,4832577565,2522510732,482754950,3670664774,180819084,3846622158,2183982811,4135274360,3103028214,1371665556,800227943075037184,827610603753598976,2703204235,149851550,139990774,119031036,2752933818,17267835,284575303,2951973582,1316823631,69001921,2581834844,2900191730,40820428,714778686881280001,3279155857,164165832,1716054764,4862705344,196108701,3119545434,2376483468,741264231664734213,2944929686,1321366471,128052661,2476754846,782946853755035649,1958579023,788774233,2270993311,41787094,744155844250460160,1561123183,4859109288,830413730,2475646328,2899341306,131162915,2605298414,160173147,1153425648,84863232,185959083,200468750,779269528517685248,184749270,60893404,754447630575341568,732405204058923008,3238392042,748755308269277184,782968141110317057,3288589502,729275870121091072,2358047724,3134636616,3030157394,1282845074,4744123633
3124329918,2338020751,2514846540,3876073340,260251167,2219883769,2752933818,66248781,400186751,529256619,2332723700,233080060,710586612,174980721,415375895,3274075003,1427449448,14071487,341714093,232816019,355467508,705703684517163008,2384525437,111868788,2306427354,64723017,237941305,2304659881,477375328,977900888,2215425332,3188636516,196108701,454092313,3313011139,1389378229,1384684081,820261637743517697,1274913919,151291221,77198783,527459582,702642855588663296,221302426,95336816,337556529,1384522674,149946725,94558694,754185677076443136,225769150,707636043562901504,4830205428,927643128,2936111448,3315835183,84279864,3638485758,2263777033,3059645574,1975810556,128559255,1403983866,729601757479763968,706845313156259840,89982090,203576003,803976831380508673,2475304848,2186295889,176053446,303036121,138443914,186883949,113676702,1840846752,2328195722,4736964470,992328512,111014459,801013732943937536,99935747,710707331219066880,1633134696,360623475,105781620,79169816,174432016,2190627913,730034216340103168,4104111,72840900,121117243,2280673579,1962102888,268215436,51000475,4711788266,2397470018,135466702,3045517662,168745068,903709178,90522012,14514082,3238392042,264320265,328530559,4702757546,246120775,300766678,438356794,2210034768,179374042,142605239,803090686346076160,362401254,393421706,2969056416,284575303,1881584940,759708900966838272,2323518397,109937762,2887582890,57169686,154152824,630709152,1428929600,223723022,536124258,154172251,240465701,1583594232,1923001070,1676527405,2441984125,386928380,3251419254,146764879,364322393,68312128,15888322,263058668,485235199,118714827,3166193446,4756438160,1905756631,448807720,819701467070099457,615266918,914768083,2601900296,729193643257401344,2932864364,2524642166,112983529,124616624,88103577,63226619,2852621401,477662077,2570339610,480375561,2931796370,726851210787979264,1711375848,867916574,129999273,2211586615,2834900833,741165253480828928,2359432340,2264756869,2833889730,495499887,2729570401,1189391060,41325693,2610019009,768743121937051648,2720693072,634427727,2191464510,775946400,2847670248,2909471707,2893328989,480073116,251584750,2679930006,35202072,779509437157429248,2954885077,314596015,1524583459,444716886,2254646966,128796794,103366455,732446467852513280,301488928,2357664295,2886459654,195202526,88069179,108246334,105382086,296227951,485238371,1409334038,789030318569205760,781458103929741312,140957446,3250239018,2697828972,758889551448330240,331647240,2687845069,3066310974,174831676,266976890,1264224049,1687641726,765791204,423940329,59111213,218470845,287025479,376819743,357439604,3302413212,906404024,127193675,2680714453,4188445399,817342290565812224,578221275,742835747372163073,164289791,2229758856,1226992014,1304664565,328295100,278123639,2394288816,750319160907804673,783691840717336576,100532963,2465862210,1241285960,3007718515,4273444521,4661769912,181613766,1543001766,508982156,56301225,120417286,697005636467339264,1612545812,218479938,2528784290,4465169900,110354058,1223420443,1344776983,98610311,98630296,4120233199,703256340370599940,176365227,4856011,1413237433,3116344153,3159746378,333528022,16979586,1500644089,2295331616,95897283,1406819502,55897052,2468761686,595139186,274533438,1945768196,2297798923,1427652896,755787719821758464,3222456205,1387221337,735826892314419200,2743388198,2216911134,6257722,1207985966,133220440,159212067,243059977,2438284446,109800482,3116546306,532853902,47588660,2399288486,67271804,4721038777,2428405094,562773398,107042980,2914622503,355600538,2902607143,4865540654,3139636165,90078908,134107533,2876664235,440692431,1318631102,4222761972,162287986,172028151,22360236,1912624046,232858720,278928819,4974361,133543001,153339375,2391166176,103207685,857443436,158233483,702795979355914240,531428646,109146393,204365639,743084460,2829605666,103412033,217753585,3309086234,817048352130895872,2947862881,784078036236800000,113940659,1913156420,86129051,4760803316,760471866918051840,781823883372486660,1242582606,2475646328,42040834,1140115897,3016808004,71693408,710075310436265984,716422721190567937,2856865885,142262917,753449225447354368,4246439894,109519099,2317011618,149445188,529285386,313220725,247558355,3196269806,64911650,129230154,45284903,2203420339,106295294,2212323386,2232883778,101739431,170186660,1916111221,51460145,3268018452,368996234,2840853390,723934291,60025866,144905429,101690924,3190544580,3030295600,200468750,4179349514,2399906749,203032385,765179539836194816,1706330340,183672566,256402505,481824635,1929743694,4821219145,515387301,134776591,1121426000,2956051663,2498932416,1013431068,1490574733,806977792449671169,3021901800,300684112,425057562,748755308269277184,17622782,1640228828,595525996,99666183,97128605,276939487,2539035872,751628759862611969,1462202670,4711433653,196943352,916553269,793721890665668608,230387191,1929989461,886193670,542159734,2454273270,3272542110,83156849,3011202535,1404931322,1489266498,782330681552609280,178685274,287495267,717387731505025024,3059942878,2771377226,237245763,13001522,732938444532391937,110107287,3031523547,71928861,742353235462127616,89237626,2350082330,89914545,105699879,2368837812,990893935,2447077172,3181535172,766631804983836673,4210254794,1878666397,2957695782,220942976,3106844598,3229887271,610909079,113873165,46610863,788358705402175488,127794430,416065669,741257818414534657,2219073084,17779999,777508402347913216,546895200,560421099,88914086,799759126989447169,711498075315933184,244450588,233510956,448485458,2805243174,2258826019,3413591053,2669079992,2684269994,3145868815,63139494,118974500,821550209406672896,156257912,1090641373,1704834752,3320623284,1660285278,3304139304,2280447314,2202591433,741958128401408001,1030487389,5948162,1576290463,704930243325329408,17331823,1730267449,6386322,2781665238,3022689258,607274782,1340497334,101667215,2589439710,3295499509,741264231664734213,714355410933665792,4147795518,751396059792838656,383707910,112681712,183116772,3313173612,188869124,96357612,1023178586,701075062946803713,94233859,732247572899713024,1462827506,10351512,1148022558,2938019995,709258447594725376,1562215802,1923257508,61083693,20775213,134752598,400720799,145452099,982997587,3313300826,275280598,2899950350,733935383667302400,719305439943352320,362553149,3160221998,1896712657,786901818,244113072,158227376,3167639346,735066037385715712,729265190336749569,3524312660,1918232100,2364862603,114187744,1316823631,4135274360,3068161046,1572561522,701443747523891200,2213956190,788774233,2322305444,1333006866,587471063,751158317896970240,106359350,1050134665,472985752,1664121583,2701270884,3237977286,158340883,2601105428,2645052457,170643434,97877512,504670586,803251242,2569183536,323118193,2543379835,553709325,745616877473275906,95866345,4834033572,2233095908,266777507,3018399807,1274949824,333386547,1300074229,129030828,404756178,354129225,120158285,1319610176,226517687,789089300658782208,1948723693,2523875604,249156356,2228141287,1548053930,761171131,202315786,2337272023,171789213,113963771,110017123,6666552,2946766058,251533156,732415501100417025,1358587040,754196636,2388498871,91741468,177177552,2304445310,1369359684,109277332,3704866644,1279369345,96519178,703092285685149697,609720669,714356562521772032,4262358912,4021939760,784241862789832705,715836027865329664,788601939739172864,716180530488680449,1519209254,115101698,783261804075986944,225306926,815924518585704449,3282303163,109213967,1312302073,2541244212,702744875754606592,716895575791173632,1085770236,585708639,444716879,143018995,1904863260,1453341853,2583213432,2565480336,729559098367221760,125536842,546861803,472372738,1152553026,94488883,291577692,4312729579,4912060712,2791418147,21074238,787787890122104832,2169680666,2956181353,4310298073,3260727974,105669733,764148432,323459782,133113699,2162563038,2973629868,101468392,802796128978599937,785080396308373504,2922610254,238545186,502463677,2703204235,112158861,2359516693,2183982811,200829722,30196675,2402677115,3182466757,2546343289,4314553642,154496537,3273648612,173096808,476324515,2301116940,268195377,225675042,4334370974,175901162,719166851003973633,738423151365787648,1927123123,2941184210,188697407,195746332,3012583009,768965835486396416,99177928,3245862577,1217604392,5573352,2835761502,2835512472,1671505184,2965261957,751430888,782497272374317056,3605152476,2489770873,2504857818,98900031,2235571201,115941992,151214284,1611985321,735833898207170561,1322866494,1209260426,374299687,566327775,1028603990,3317596596,4643355547,722269321053863938,105188385,312103989,1637758243,919732056,41787094,65219343,225779019,769167195108548608,2811434557,945591648,277024032,1680251952,1573060256,760073383476199424,1029788143,1944983274,1038560173,153730775,783327230776573952,92793928,2915416687,619973341,2452044534,3241346990,833881897,163000984,502391544,803175991665303552,136190789,2196988058,753083036728717312,742338043026112514,89558665,743733183468834816,135330990,95899796,1294382310,3223458360,147007458,172204895,3758190073,834376005980610561,797545694,555883563,793371642223206400,170631545,229845375,297796383,2810118211,717012344,795279035475456001,1901893176,2272521673,131128662,1945516782,963395892,1602120230,108890771,824180272153460736,715510347952562176,155211167,1396556856,137011868,4886843202,198535546,2693014232,3165942768,3266178228,2299007144,1034540978,3191601605,3223792212,4905733699,138446630,2274247447,829933342640398338,718787043875160065,120421703,248753408,2940556627,731492959615483905,792655627612856320,2578584218,806008400555323392,395600857,1542516511,106783095,108952977,2844114078,122305557,114587449,2937115692,255623996,3283072914,4797830040,2605699718,2346571680,49009062,104460206,2937110376,1584886424,1246097623,3031956112,60302547,486256467,2411033672,158584247,11637282,325284034,125644441,100389301,2547169823,254977048,1025942498,3991708092,2986257451,167931263,4708158524,496640757,141041752,2880794623,3142713626,701508926471168000,162444870,1368654480,3258961664,715134644971110400,2914825170,497954287,705760993800904705,3174570264,351942181,3969103993,2396823888,4702576830,771987659321290752,4655551813,803631078770475008,810868398028505088,98031440,1487057005,726597173937233920,3220161294,121450191,473804715,793978848,3067325389,768982466,2870475259,108512021,1690429566,750603419241504768,2283428048,710972975365816320,3047897750,44628277,2928258564,610884045,2512541436,153040465,774168469877039105,2484174553,119375961,566895854,17267835,1612011276,238144988,157893969,882010034,2453832720,778572343203418112,757145266549952512,2558095956,383725364,2175506810,2821921836,120672856,748512274558517248,2948034020,736545328178941952,222780336,761835916700680192,3584111832,2505612338,2578669447,3278895228,3142099214,4396859658,2589737796,261562721,4454243354,3038145492,332902064,85783517,98373834,3198404371,4782826418,2659241666,715573470034145280,2329724618,108198353,631860633,3284686302,3287378947,158712858,107880424,2402830520,2364310147,412934990,113697022,324204408,15197616,113224109,125171112,18468872,2976235435,782968141110317057,3143217727,3040476331,832496588635279360,819442086009155584,344005967,2574011125,2405464129,4325708541,287084597,2951643788,3313499605,701144416677810177,311872255,545355018,754037216,4087720994,127391018,348332056,1890818822,1923392100,984455702,1497955747,3049491901,3187508120,143395531,139931339,350125392,925440013,2257161986,3103028214,2453267719,397671438,330139304,2522510732,2799716282,2951973582,1242502423,2390946139,849023989,566322918,795632868097564672
3124329918,2338020751,3876073340,2219883769,362401254,400186751,415375895,133700928,3313011139,44628277,179059903,1427449448,174980721,2332723700,529256619,3019862611,2384525437,14071487,232816019,175241788,2229758856,3315835183,237941305,2752933818,221302426,977900888,105781620,1389378229,2295221090,454092313,164670171,77198783,1384684081,21074238,1275291660,2687845069,1274913919,1436316312,355467508,702642855588663296,3196269806,89982090,765414140,2397470018,527459582,783255350820470784,135466702,54786409,64723017,754185677076443136,3272376428,3274075003,2186295889,477375328,716450801200136192,296227951,351942181,3376921099,2565275238,1099708706,1344776983,927643128,2816721649,615266918,2215425332,532853902,196108701,95336816,819701467070099457,4830205428,112826585,725271918148870144,17622782,3059645574,1461424656,1310167417,2876664235,2263777033,112681712,1403983866,425057562,109146393,200468750,138443914,141608092,122305557,275875583,697005636467339264,551550035,793051566076858368,15410677,1840846752,176053446,264320265,3243864439,303036121,99935747,4736964470,903709178,203576003,230326603,3991810639,1304664565,2305946341,113697022,610909079,142605239,90522012,354129225,4222761972,171024778,120158285,992328512,806977792449671169,3190683740,268215436,176032246,730034216340103168,146809520,2954885077,107042980,72840900,1233215874,2280673579,1711375848,1215689899,300766678,1633134696,51000475,14514082,4332995414,3165942768,113940659,112629345,477662077,246120775,3222456205,251632488,177177552,2455978724,360623475,1469752718,2210034768,386928380,2243936120,2969056416,125921219,331647240,743084460,1490574733,174432016,2936856727,2264756869,3251419254,595139186,109937762,4797830040,4273444521,2391023642,2771377226,134107533,2254646966,717330953828311040,3436679894,118714827,2887582890,57169686,154172251,170939623,1583594232,504670586,1168137126,121117243,151214284,327967013,146764879,2391166176,84279864,426671264,538964138,2796106555,15888322,2720693072,263058668,3045517662,549195296,452899840,4756438160,3991708092,729193643257401344,103412033,4686042043,2932864364,1530835099,604419012,1451665674,3238392042,2514846540,480375561,370956885,63226619,2191464510,2359432340,2351195210,2931796370,2211586615,364322393,355056237,1189391060,2942499234,71779893,479439135,788774233,768743121937051648,155910728,380874225,545355018,41325693,2610019009,251584750,375989152,2821218805,2909471707,310668082,3150336829,256402505,779509437157429248,444716886,3241949263,266777507,223723022,330432066,2801953260,314596015,1241285960,449403496,126248975,1676527405,1524583459,2680714453,96301196,560421099,772463849098260480,4104111,536124258,387115487,316449536,44940172,758889551448330240,783691840717336576,965924263,778357984384516096,709258447594725376,293845553,2733108806,61435370,174831676,2357664295,56301225,3947332213,140957446,726446347113525249,2947862881,1409334038,4838877684,139164333,2697828972,127193675,1704834752,2465862210,112983529,765366964160045056,172028151,71688342,113676702,1250752274,906404024,714356562521772032,4856011,1346916284,578221275,742835747372163073,154152824,1225608008,250016546,4452063374,1242582606,1226992014,3183690284,2570339610,1413237433,629201113,724616769126567936,2548038427,423940329,2454273270,719895707902156801,719166851003973633,328295100,2558095956,337556529,2394288816,313220725,2793018904,750319160907804673,238144988,2265895489,18468872,755787719821758464,472985752,487233268,3223792212,78973729,3015929022,916553269,149445188,105173323,618595378,769781401453408257,2934550710,438356794,402615426,59111213,3007718515,163000984,508982156,2679930006,411244259,88103577,218479938,2528784290,264100146,4120233199,3688487773,3159746378,1500644089,732446467852513280,711498075315933184,480180905,258352199,619973341,828337118,1945768196,22360236,2297798923,2184291174,2539035872,4839511112,128559255,106249538,483500921,3309086234,1860453498,133220440,2902607143,758903930646429696,203032385,293407200,223410747,2360325967,3109789260,2221260234,2858688673,725339844457598976,162287986,2399288486,2428405094,1729258040,4653862693,217753585,2365023114,2914622503,2829605666,821550209406672896,784078036236800000,2607362299,716422721190567937,300684112,1613064720,278123639,89599240,562773398,4760803316,1912624046,817048352130895872,2529431720,6052602,66248781,3016808004,4821219145,322595355,158233483,3231991584,702795979355914240,156662097,225769150,120672856,1918232100,110354058,75723508,232858720,42040834,200747827,108845767,3094369380,103366455,174838138,2957695782,1859898992,781823883372486660,89914545,456762011,63139494,4713535933,4246439894,95899796,2317151762,707636043562901504,963395892,3139636165,109519099,2199625903,1629912176,710075310436265984,374299687,820482874101014531,1318631102,908394572,333528022,485238371,275280598,773130789907161092,127875443,45284903,142262917,55897052,400720799,5810152,4721038777,243554498,2300772428,99065146,753449225447354368,268195377,795924277371355136,274533438,178685274,3273648612,3926023418,64911650,3021901800,105382086,2212323386,1326527461,2232883778,289324309,1427652896,1730267449,101739431,2536397517,765179539836194816,69484065,128796794,3011202535,60025866,1387221337,607274782,111868788,786901818,990893935,1063561645,4147795518,743909917363363840,886193670,36990584,3739847609,4974361,2956051663,708508835216891904,1913156420,83156849,105022503,4711433653,4087720994,196943352,1396064270,106295294,2257161986,3237977286,542159734,5573352,204365639,595525996,98031440,801352566,260251167,1664121583,3068161046,786516823,1050134665,793371642223206400,3059942878,61083693,179374042,1393696704,3160221998,495499887,1112245826,183116772,1220505270,124178162,782603013110149120,69192381,312523703,100532963,2805243174,1489266498,1896712657,2589439710,244450588,717387731505025024,1632245600,4658851008,237245763,118974500,71693408,20775213,3220161294,71928861,2847670248,2350082330,788601939739172864,2228141287,108246334,225675042,789030318569205760,1878666397,766631804983836673,392766280,783894089506750464,416065669,741257818414534657,188869124,86129051,2299460798,1901893176,777508402347913216,4782826418,1005168349,240709714,205169295,1274949824,368996234,1644777469,744380667832631297,701508926471168000,2840853390,3922243874,233510956,2332146613,2216911134,2301116940,156257912,1660285278,756429400720101376,142597326,76891783,2870475259,2280447314,4625452574,1013431068,730233739419082753,115694863,715134644971110400,17331823,2498932416,1558233030,108023855,13001522,1141254258,1340497334,198878894,392740669,2523875604,2367262801,159678893,701075062946803713,1028603990,3295499509,99120914,1687041560,748755308269277184,925440013,170643434,2304445310,3313173612,102890665,98630296,1462827506,1148022558,2938019995,753066673968590848,112314862,90078908,1562215802,1923257508,4501201,91741468,719305439943352320,2893328989,609720669,2593143055,53638750,4655551813,2316545612,6386322,2928258564,3190418970,2322986196,297796383,3166635654,2793934562,754196636,95411578,982997587,195202526,248753408,3313300826,287495267,1358587040,2899950350,3241346990,96519178,884157187,733935383667302400,110107287,3332815460,362553149,742353235462127616,3357260413,610038386,72265507,1948723693,255483495,106359350,2368837812,3272542110,766870725093318656,72403408,107880424,158227376,729265190336749569,266976890,2447077172,95866345,113873165,1233247134,3188636516,2364788316,2221672860,751158317896970240,834376005980610561,68185108,553709325,444716879,2388498871,1420410266,226517687,344005967,3268018452,220260419,526116212,732938444532391937,2701270884,2543379835,502463677,2183982811,2965261957,158340883,2569183536,3024679904,745616877473275906,2570285421,3022689258,2940556627,2868987948,4832577565,4834033572,761171131,3371408114,81546559,159212067,3815427554,2827510038,1300074229,233898466,897539881,105546083,246909073,129030828,404756178,232790891,100389301,732247572899713024,186647848,789089300658782208,768982466,1548053930,113746111,3401711,372500568,113963771,134752598,716180530488680449,238610377,6666552,114155473,2946766058,2808544142,251533156,427093744,125171112,278927574,3067325389,3174570264,582494043,546895200,3638485758,2203134588,109277332,1637758243,4262358912,47588660,102710639,161267160,4021939760,451968222,139931339,3260727974,2989187624,55606224,1138285939,1519209254,4135274360,783261804075986944,318434554,815924518585704449,2991084589,2322305444,2951973582,3299730504,2885344326,1890818822,374384040,109213967,277024032,1412666898,244113072,710105766770778113,1881584940,114136193,788340711179456512,1680251952,3041678240,716895575791173632,919732056,2956181353,547833114,1085770236,69001921,2811434557,1904863260,2150792004,2565480336,108925802,1572561522,546861803,472372738,4912060712,202176646,2341519854,3024006552,2791418147,768965835486396416,3038734093,2861715948,2583613244,381475602,787787890122104832,2868838100,2611068324,2546343289,166669927,284575303,2169680666,945591648,3192684392,3258971959,2896024994,782330681552609280,795022678952247296,4310298073,2932848582,799759126989447169,105669733,502391544,4009612512,764148432,2376580952,133113699,2973629868,2402677115,101468392,69876392,2879808265,185112212,1152553026,2623627357,2922610254,405313158,803251242,125569629,2949105313,3167639346,238545186,127391018,67271804,1246097623,1090641373,5532582,112158861,3040476331,16412925,585708639,2941184210,4314553642,744137220404043776,98373834,188697407,1369359684,99177928,774511364345696256,2835761502,735833898207170561,2243990906,2773016930,2835512472,328530559,2303363858,225779019,4154947272,782497272374317056,2489770873,2504857818,132457235,4711788266,760073383476199424,4396859658,2235571201,418305249,60893404,737432530861756416,1611985321,1420919810,529467866,802796128978599937,1322866494,3119545434,566284482,2364862603,3282303163,2951289997,55143079,566895854,1209260426,89385160,4643355547,722269321053863938,601007884,312103989,41787094,775946400,153730775,104460206,15197616,105699879,2940686539,3066715584,538707965,833881897,3066310974,254515182,1358657352,233080060,4465169900,939088549,94834076,277946972,145452099,990899076,742338043026112514,87198273,135330990,1294382310,106783095,18386837,2703151622,3969103993,2703204235,1543001766,1223420443,220942976,2415212833,143018995,137586996,2415637789,2936111448,323459782,170186660,801013732943937536,200829722,1160622691,36914160,271839853,99666183,4880994851,1264224049,2893967965,1446292230,2795956424,1207985966,3045840854,17041744,761835916700680192,2317011618,3116344153,1319610176,803175991665303552,3182466757,108512021,229845375,152568882,717012344,800293026782289920,131128662,253938110,1602120230,2396823888,1927123123,458359698,17445709,195746332,462170271,795927309467271169,824180272153460736,803090686346076160,785549586,1396556856,225420705,472979573,2496469213,51460145,4886843202,3605152476,198535546,458189712,3266178228,1923392100,631695066,1542516511,2299007144,3191601605,769167195108548608,4905733699,138446630,1404931322,116583207,829933342640398338,718787043875160065,120421703,731492959615483905,92793928,792655627612856320,114587449,740564585199992832,1038560173,3283072914,805693032339099648,1406819502,2346571680,3704866644,1573060256,2937110376,7622742,121450191,2411033672,110412065,3055565750,2547169823,480188186
76891783,1369359684,104507727,136190789,582494043,277946972,3124329918,3269798672,2964608034,3947332213,2338020751,124616624,186647848,63226619,768743121937051648,328530559,2804889792,414686292,3876073340,313745270,2263777033,730233739419082753,3282776976,1427449448,69876392,160151033,820482874101014531,1412666898,2469253308,16412925,780131496,86129051,128796794,3066310974,1207985966,162368053,2752933818,2477585239,1326527461,415375895,531428646,2404901258,105173323,2384525437,400186751,1610584682,2219883769,3274075003,174980721,105781620,2332723700,152568882,139164333,1704834752,1274913919,41997628,1461424656,14071487,113559671,221302426,255342023,3019862611,232816019,2210034768,529256619,333986096,3328681256,1366995445,2778689418,237941305,454092313,705703684517163008,402615426,277024032,992103703,233071543,15888322,202698089,3688487773,2847670248,107042980,1698773754,107880424,551550035,179991082,68331875,732729301926207488,562773398,386928380,977900888,1143806035,637044201,174432016,2823888541,453046221,170939623,2322986196,183181133,14514082,246909073,742835747372163073,1389378229,95411578,89982090,264320265,95336816,113224109,3031814941,77198783,527459582,196503158,69484065,108246334,1085770236,1913156420,278123639,135466702,4603184538,754185677076443136,51460145,68988563,702642855588663296,2511579210,4830205428,134752598,278927574,125644441,3283339470,927643128,1384684081,246120775,2541321014,121117243,223410747,697005636467339264,126421794,1304664565,719473465430908928,2186295889,4104111,355467508,425057562,223723022,337556529,2397470018,30196675,122305557,2954885077,819701467070099457,125569629,256527573,2215425332,2951289997,312523703,2504310632,595139186,472979573,4652569166,2831754037,477375328,138443914,3059645574,758891705659568128,368996234,705002702711844864,178685274,120094779,274533438,2811434557,84279864,1403983866,160111545,916553269,1330705052,196108701,300766678,2989187624,1209260426,526116212,176053446,565885836,57169686,3014443676,109146393,745596723192442883,381329247,208619138,210002449,53328718,425391700,3188934348,128559255,3282303163,99935747,4695340520,155910728,1840846752,4556832800,3194228328,105022503,2862501254,276521568,1524514772,2614965704,2956051663,2795956424,59111213,3272542110,90522012,303036121,757793294,1171293552,903709178,4736964470,761555897105526784,108845767,108961569,1927123123,14569397,769078370495819776,296227951,992328512,55143079,1034540978,2304659881,730034216340103168,351942181,84863232,72840900,3736416144,1393696704,88103577,17622782,2280673579,331647240,273019929,268215436,81630702,107385055,132851221,495499887,2356542222,182700115,1319610176,129806087,220942976,3167639346,2493043944,140957446,97877512,2771377226,1265599920,15289385,120158285,2689483342,203576003,4895119801,743039016,2592822739,3315835183,83868996,594376110,82760669,2459189911,411244259,1090641373,508982156,504670586,204365639,555883563,234755004,1711375848,131128662,109937762,3139042921,51000475,172633862,4465169900,538964138,3245180425,387115487,477662077,2354994482,3089307368,220260419,4835115090,108328072,99518839,2731258908,709258447594725376,1241285960,729636779783917571,134754838,280519165,96301196,55897052,163000984,927680065,472985752,1233247134,118714827,4658851008,2901049411,1451665674,2536397517,440692431,3222456205,1610344716,246761868,246161974,154172251,1386288512,113697022,2264756869,3701481553,2969056416,758889551448330240,4222761972,726851210787979264,2410953164,146764879,133700928,3220161294,313220725,801352566,357439604,560421099,2821218805,138091582,117016988,191868738,912037436,3251419254,2887582890,2787896394,1226992014,2257161986,162287986,1583594232,2243990906,3238392042,288056370,360623475,362401254,2451643429,375989152,2216911134,483820417,112983529,723934291,737975587,806977792449671169,287495267,251533156,1450607336,2391166176,151214284,94834076,202176646,964095883,2720693072,2191464510,102710639,1859898992,1350742926,729193643257401344,765414140,263058668,3303672918,106249538,2947862881,423940329,1663837200,2479331617,4756438160,716450801200136192,1524583459,395900997,711498075315933184,2211586615,16979586,2932864364,2931796370,174831676,3067325389,4332995414,2359432340,141900217,87198273,714295422567600128,1189391060,2429820356,480375561,314596015,2909471707,113873165,418305249,3195582222,2415212833,1955351436,25043006,127193675,121358914,2528784290,196943352,400720799,1242582606,1500644089,41325693,85566034,3190888184,211800955,2610019009,1687041560,3045517662,78557244,2564287213,4760803316,1628508007,3228138577,788774233,251584750,4001276715,2897580055,797545694,120421703,3313300826,5631872,200468750,784078036236800000,2680714453,56301225,1351060627,3313011139,1870529029,1152553026,69192381,570060757,2203134588,2454273270,779509437157429248,515870556,772678194050629637,4785272419,444716886,2889514765,68312128,1141254258,256402505,440741045,293407200,364322393,496408752,177177552,266777507,3021901800,3227290447,109111349,783691840717336576,744380667832631297,443554101,175901162,755787719821758464,2357664295,1197067507,1485011076,75828566,3011202535,153339375,479439135,2697828972,458359698,139931339,2997332484,101739431,109519099,2687845069,3068161046,134107533,3007718515,1249348933,328295100,50332170,2471854483,743909917363363840,1615210238,591820514,284575303,111868788,2868987948,2679930006,2465862210,172028151,906404024,117132594,4856011,2524642166,578221275,3188744724,774511364345696256,76232408,81128999,44628277,275280598,1676527405,1087143798,3159746378,149445188,1060667774,372500568,1413237433,2237142252,2940556627,550742704,114136193,762967313041592321,49009062,2934550710,444230928,743084460,2922610254,2394288816,4714440560,750319160907804673,2558095956,142605239,3018372270,154152824,75304702,203032385,318434554,13001522,2565480336,2876664235,158233483,103412033,321897940,2396823888,195202526,2823394544,3160221998,381475602,821550209406672896,293845553,2539035872,89914545,2590931527,772463849098260480,3273648612,268195377,854858016,1598644387,3237977286,990899076,3190683740,3604193174,218479938,41787094,3045840854,289324309,55112346,135024885,301488928,254867329,816811554335096832,1660285278,4120233199,546728886,610038386,3309086234,22360236,2957695782,1633134696,745616877473275906,2232883778,116152989,4468236687,765366964160045056,42040834,2773016930,1343914832,886193670,3108518246,896994926,4154947272,2919731641,1394475098,3041678240,64911650,420287576,158712858,2829605666,1945768196,2297798923,1918232100,2941184210,2902607143,781823883372486660,133220440,727421293167960064,803090686346076160,2447077172,155211167,248042806,2902602613,233546897,615266918,3189365473,747933223,412268132,25306646,732446467852513280,2746766683,2399288486,2428405094,217753585,2850408085,3320623284,2965261957,744712467473784832,212941972,2223261024,793371642223206400,260251167,990893935,336288480,3196367078,2914622503,2570339610,362507353,2229758856,208056970,109008673,2365023114,2383699639,827360258,716422721190567937,81546559,91948741,1344776983,1912624046,226517687,2152420969,2254646966,630993052,63139494,1729258040,6386322,732938444532391937,96519178,817048352130895872,149284580,761171131,1358587040,569561320,3016808004,333528022,831618696,4821219145,149062884,1330713522,2482846543,400026244,702795979355914240,701508926471168000,134065383,1427652896,96715567,345927296,1028603990,300684112,44940172,710075310436265984,4087720994,284035120,2270217308,60029325,1318631102,302928032,1490574733,125598335,266497511,1730267449,3141678404,156257912,4246439894,1251554004,142259228,104460206,115694863,2733108806,4673443538,153047083,1928579635,142262917,100912201,71688342,61083693,370956885,170631545,99065146,753449225447354368,4273444521,2840853390,1562215802,207071154,607274782,183116772,188371273,2212323386,75723508,2589439710,3393974538,1112245826,276497380,758945117205991424,765179539836194816,1896712657,260214785,2928235770,332902064,5532582,60025866,4810722115,1217589314,1264224049,195746332,2994800682,963395892,707636043562901504,786901818,69001921,722471991697997824,91287727,4147795518,305337902,1184157572,72403408,3139636165,1288666855,2887908324,106295294,778134168270176256,1664121583,754196636,1561529839,619973341,2304445310,2358047724,1489266498,268231129,3270234486,83156849,766631804983836673,114155473,2523875604,2951973582,741257818414534657,118974500,72265507,96357612,4711433653,104103380,2701270884,17331823,271839853,2693014232,1427072544,421852390,1896337909,322595355,131847523,619182875,1387221337,1948723693,2940686539,1063561645,3117048846,502391544,542159734,738899638594375680,2350082330,2711712037,194544929,4396859658,2464573315,105546083,136560672,1050134665,232858720,3280649605,775946400,94289754,3171131006,790938997795139584,3059942878,350125392,4604176574,50868244,98031440,2816721649,98630296,159212067,129030828,607048619,729265190336749569,795022678952247296,734546785,416876537,753939439013941250,2299460798,717387731505025024,549195296,971435947,719305439943352320,244450588,91741468,706657438359945216,92793928,237245763,164670171,71928861,71693408,225306926,141969113,732415501100417025,834376005980610561,18468872,2228141287,233510956,225769150,106359350,1394168604,945591648,1878666397,789030318569205760,1266725779,1013431068,416065669,188869124,4880994851,777508402347913216,1510814017,3061307797,776416227673518081,2587355592,3150336829,103366455,828337118,1637758243,545355018,609720669,701075062946803713,1274949824,580686083,716180530488680449,4655551813,272277672,230387191,2280447314,2949105313,744705848652402692,344005967,2861715948,108925802,143018995,829214012,166669927,783289321507786752,715515161713311745,127794430,1543090807,3286002368,2571196298,1340497334,179374042,175241788,719166851003973633,420647824,3295499509,125171112,2272521673,105304440,768257814313644032,375075859,2991084589,1462827506,1409334038,1923812821,1356414966,170643434,264100146,200829722,3313173612,4111460479,605695639,111014459,4762849514,207588434,771618655,98373834,1148022558,1140315960,95866345,3109704878,2938019995,16069066,757839197390503936,362553149,80601495,1923257508,737075095261188096,3902322613,3241346990,3493408212,161326433,25517249,2212087651,444716879,2388498871,3704866644,4974361,3481494380,271446959,297796383,2498932416,982997587,2569183536,903736004,2703151622,176365227,2589539666,748755308269277184,1910610115,355056237,2368837812,2899950350,133113699,27829621,3241949263,733935383667302400,1973723688,1558233030,3277555520,4262358912,785549586,113676702,3268018452,82584006,158227376,546861803,53638750,229845375,179059903,20775213,1293552186,1613064720,553709325,2301116940,382732869,486310947,722269321053863938,867597697,96784888,1329014562,2936111448,158340883,1453341853,129140893,17041744,768982466,1233215874,502463677,1285357250,1185681416,537824905,2286184658,751158317896970240,158194458,177549105,795927309467271169,2937110376,801013732943937536,725339844457598976,2265895489,919732056,717012344,546895200,2498817637,472372738,3558795492,2543379835,731704095581470720,537971182,2287384855,538453527,3615768554,2276879678,2918922030,2183982811
2493888254,120094779,76891783,1369359684,131162915,4785272419,63226619,1542668005,230105403,1143806035,532853902,748512274558517248,138292326,277946972,2953929092,215626926,14514082,1913156420,86282544,756442300964745216,95411578,2922323264,3124329918,582494043,448485458,3947332213,25043006,4468236687,328530559,105781620,2338020751,2263777033,305337902,2186295889,51460145,107042980,97045279,2852008440,35202072,4465169900,1412666898,206262618,69001921,1427449448,3274075003,104103380,129077593,3876073340,275605379,400026244,186647848,362916147,2299460798,84863232,1389378229,3171131006,2384525437,536124258,594376110,278927574,2229758856,1207985966,415375895,1326527461,1243490269,2219883769,2752933818,402615426,345979746,723934291,400186751,769319454,2811434557,714522762849570816,737075095261188096,2286184658,321474134,142259228,260214785,350125392,246120775,820482874101014531,3282303163,100389301,105829199,69876392,1394475098,2210034768,4830205428,785413431083929601,977900888,315713103,237941305,198173881,139164333,174980721,15888322,354129225,1274913919,2332723700,4104111,1960712910,3220161294,1315643804,1022365458,1574874913,192767456,3229887271,17884379,595139186,1704834752,360623475,362507353,2997349466,264627362,4673443538,386928380,17622782,155184987,477375328,109937762,152568882,26724795,416876537,221302426,443554101,14071487,790016653190803456,454092313,232816019,2397470018,526116212,15289385,2810118211,122305557,550742704,170939623,274533438,223410747,529256619,1583594232,1569598254,3688495640,738899638594375680,20063068,55143079,95899796,176053446,2613340494,355467508,916553269,1034540978,264320265,114606028,95336816,98148497,127850518,1304664565,88934299,60029325,180449780,1874866345,212941972,1264224049,1687041560,3119545434,3009662072,77198783,103207685,223723022,743909917363363840,827117699599736833,1923257508,754185677076443136,1233247134,131847523,1297759387,89982090,2954885077,161326433,57169686,697005636467339264,128796794,381475602,1384684081,742835747372163073,527459582,2750137763,1090641373,716450801200136192,172633862,103710185,213652446,757793294,702642855588663296,1950645085,3998911995,337556529,99065146,121117243,351942181,111868788,278123639,927643128,135466702,177177552,113697022,2322986196,109008673,1733362838,2989187624,1910610115,113559671,819701467070099457,268215436,106249538,300766678,745596723192442883,761555897105526784,605695639,3167639346,246909073,1171293552,612672625,125569629,128559255,101332395,167240403,208619138,425057562,2181917178,3688487773,109196968,711694081311657984,1403983866,69484065,2934591702,2232672451,1634992076,203576003,1027920860,801352566,196499771,174432016,125644441,3378734532,729265190336749569,2188370384,1141254258,364322393,138443914,586380468,1863750126,1209260426,196108701,3059645574,890073570,2215425332,4728486540,86129051,1610344716,3234855203,1897515272,235865320,141868033,2255128608,563631538,178685274,41997628,903709178,303036121,1542908786,4948611,2464573315,90522012,108845767,2771377226,3068161046,2951289997,28811940,97877512,2368837812,1927123123,50332170,629201113,4756438160,120158285,277024032,3237977286,1840846752,1043615784,545355018,515387301,148608218,99935747,776416227673518081,3558795492,4736964470,331647240,1973723688,2960882954,2711712037,780131496,140421820,293407200,218479938,1013431068,2994800682,2956051663,212237100,109146393,472985752,715078600307769344,3061307797,268231129,2991084589,120417286,730034216340103168,1025942498,744712467473784832,296227951,179374042,105022503,2280673579,2237142252,3019862611,992328512,3267992077,497709836,135301553,3266869692,423940329,1343914832,17041744,151214284,2243883590,3846027914,247558355,148268248,3021901800,504670586,313220725,619182875,1878666397,775946400,470775001,72840900,1241285960,3605152476,3244666999,1409334038,177549105,131128662,595632619,4761503828,3315835183,140957446,794253039762751489,204365639,88103577,707636043562901504,105382086,2191464510,2876664235,781770623911538688,82584006,13001522,268195377,146764879,84617104,2411033672,369914842,1453453153,1524514772,1071169916,239026970,120421703,134752598,607048619,2574011125,3040476331,827954678,1548029071,709258447594725376,1711375848,51000475,582661019,2903347723,477662077,284058607,200823909,387115487,2937110376,9801092,701508926471168000,2514846540,1251554004,155910728,1350742926,546728886,182700115,251533156,2257161986,18619353,158233483,3238392042,118714827,732938444532391937,487230954,2254646966,3147048434,14569397,154172251,4124412192,454741179,3109704878,154152824,75789891,2275037991,202176646,1277935184,560421099,162287986,758889551448330240,78560756,755627138502520832,1687641726,2264756869,3222456205,765366964160045056,90078908,1412319018,2278952983,275280598,749593075194834946,805396656552218624,1490574733,11588872,55897052,740564585199992832,2847670248,2795956424,971435947,2862501254,109832030,78027964,4779249638,2969056416,1217604392,400720799,2539035872,582786194,117636146,382732869,1226992014,3014161212,2365494846,14731407,711498075315933184,2720693072,805307181557903360,2191448756,163000984,289324309,271446959,150876450,118974500,368996234,330526489,2359135520,796708440802328576,256402505,707000055010500609,411244259,1030487389,86714891,4713535933,263058668,2555184854,1319610176,733925814580830208,3313011139,2887582890,44628277,314596015,589897426,4655551813,2931796370,2821218805,112983529,3045517662,2947862881,3251419254,2979341592,96301196,1180547846,2391166176,200468750,70675887,755787719821758464,174831676,89914545,2429820356,1948723693,96784888,118320082,2803300472,22360236,1344776983,99696846,729193643257401344,1189391060,508982156,287495267,162444870,4686042043,2680714453,30196675,1413237433,60816628,1486822621,2679930006,2527587546,3159746378,402125864,415552787,14204588,1524583459,2964608034,4222761972,2359432340,788774233,280971333,276497380,538964138,2211586615,2731046230,4078875493,176686492,251584750,2948910368,865829672,56301225,786901818,6386322,440741045,2267594714,806977792449671169,2932864364,103412033,803251242,3922947373,168607318,253938110,99518839,821550209406672896,2909471707,3067325389,1035828998,766631804983836673,2662515085,14365306,480375561,1254107040,1500644089,255483495,635228827,2610019009,167931263,4888081354,127193675,137586996,1293552186,3304226066,569561320,3009421765,178014498,745616877473275906,615266918,783691840717336576,2697828972,2328195722,154504848,83810350,784078036236800000,4370524932,173726630,2528784290,2213956190,4658851008,196943352,87209142,106295294,2909429360,725339844457598976,561042124,1013033460,1859898992,1562215802,3257172907,718223047325577216,117640631,3364846514,1549650422,803090686346076160,1242582606,5631872,95866345,3309086234,444716886,41325693,109519099,2350371589,113873165,42040834,41787094,2304445310,108890771,98031440,3727175834,2957695782,2703151622,771618655,3165942768,1660285278,2391414840,4453584134,445661618,2829605666,300735474,105173323,3007718515,2454273270,2356542222,2329402832,779509437157429248,2167589748,2364862603,749488564975480833,3160221998,115694863,207588434,102710639,165032985,2396976803,741257818414534657,2787896394,1396874545,140417249,306699083,2592822739,1152553026,2465862210,2572827714,1028369821,156257912,841903592,927680065,2687845069,87198273,2543379835,102890665,778357984384516096,2415212833,2357664295,3011202535,101739431,737180992394272768,1912624046,20775213,98373834,284575303,300684112,2868987948,173096808,139931339,3736905739,1427652896,495499887,2589021998,79169816,328295100,1052562116,736808744227479552,207071154,1550020328,2922610254,172028151,3029929289,73595806,4087720994,906404024,195202526,781823883372486660,362401254,4856011,2301058656,578221275,232858720,743084460,2614965704,562773398,244450588,795022678952247296,990893935,40579647,1063561645,71688342,3139636165,610038386,3270234486,106359350,2394288816,135024885,109111349,260251167,472372738,64911650,69472367,1489266498,554281984,266777507,318434554,565141916,750319160907804673,140761421,785144482308030464,164165832,47908556,125598335,511292542,4885527589,181840920,4896216313,456254715,619973341,2151176886,1676527405,96519178,715573470034145280,1451665674,765414140,2399288486,715805278436986880,2914622503,107220190,203032385,2564287213,2257223252,17331823,735375182886535168,4147795518,2589439710,2889514765,126869577,4822001774,164670171,1730267449,789418088143818752,302928032,156466477,117132594,2993596106,326036776,195746332,17445709,732446467852513280,155511166,171024778,4743888852,2301116940,3197020130,765179539836194816,4120233199,2965261957,1427072544,537971182,2505612338,2904052513,83156849,4332995414,716422721190567937,2479200481,573273070,1453341853,2475684354,3232117320,149445188,2949105313,1945768196,925078362,2940556627,10546852,1613064720,793371642223206400,89599240,123193463,98630296,2829565116,2232883778,1543090807,777508402347913216,2565480336,886193670,205169295,33466363,91741468,2940686539,1637212338,2297798923,220942976,279995344,3012829058,1918232100,2706032359,142605239,370956885,2902607143,1318631102,2496511436,397671438,1955351436,293845553,2941184210,3724739232,15982204,823488104,774511364345696256,3030157394,63139494,125171112,104451066,133220440,2515078770,200829722,2428405094,217753585,301488928,610466192,2556694970,341714093,472979573,2203134588,45116366,704930243325329408,218083410,1633134696,2235323256,427214413,4821219145,250016546,155211167,817048352130895872,3016808004,1050134665,214924725,754196636,181613766,176634709,1016464634,3411521,310668082,1632868171,1387221337,607274782,912037436,284035120,2280250662,744380667832631297,1896712657,384258284,188371273,375989152,1358587040,702795979355914240,251632488,4154947272,458359698,3155992028,4762849514,549195296,77898979,710075310436265984,1060667774,333528022,2570339610,4246439894,104460206,2840853390,2721482023,2733108806,717012344,4844688865,108925802,238610377,144106730,3141678404,2887908324,142262917,127794430,372500568,229845375,36914160,61083693,2934550710,1637758243,60025866,2740952989,2491024459,753449225447354368,1664121583,828337118,183116772,2523875604,64723017,254867329,751430888,1459047109,2529321883,2212323386,1461424656,2350082330,4273444521,121840316,72265507,2383699639,781398239702503424,4839511112,785549586,18468872,945591648,67271804,5135831,769078370495819776,759036149687984130,3007915002,344005967,1948804807,2278343275,1333310348,483820417,425391700,4396859658,2931249776,834376005980610561,416065669,772463849098260480,4711433653,1919587562,703770651861975041,1682299416,990899076,2701270884,225769150,166669927,3243864439,2280447314,2417112420,1462827506,2850408085,2951703558,733907637713002496,834465542,801013732943937536,179059903,542159734,2816721649,2893641422,3266835332,618595378,2951973582,105546083,233510956,3059942878,807880728339890176,1438477916,320413309,764454329365344257,237245763,188869124,6257722,129030828,133361507,2233368990,3286002368,75723508,3313499605,158194458,418305249,717387731505025024,2396823888,1851692322,719305439943352320,711386338314964993,2906161387,121948820,313179050,2892153390,170643434,963395892
120094779,1687041560,15982204,88385720,2167589748,9496792,732938444532391937,2684439757,76891783,135024885,63226619,3165664122,1442462124,2900383242,448807720,1369359684,14514082,20063068,17041744,765414140,277946972,1913156420,1453341853,25043006,3124329918,328530559,2518527691,2338020751,582494043,55143079,1330713522,2214284466,1451665674,30573693,105781620,2540787246,3947332213,2263777033,3092684144,278927574,3274075003,820482874101014531,1427449448,411244259,4732173733,1412666898,61715767,4906303806,4104111,277983045,127850518,1034540978,1065660787,636753909,3282303163,805396656552218624,2893641422,3119545434,3148806241,289403800,1217604392,726930710506827776,571332479,100389301,2186295889,776416227673518081,4468236687,785549586,3688495640,111305124,569561320,3876073340,1035828998,415375895,3161076938,2384525437,735673952576536576,553486949,69001921,755761669888802817,2219883769,4830205428,79169816,16237809,15888322,2752933818,379382447,121117243,2299460798,562773398,41787094,113697022,83810350,2750137763,90078908,39318992,810806628719198208,1490001877,2811434557,126421794,98031440,207071154,1326527461,336288480,186647848,2514846540,174980721,749822806032936960,189141702,305337902,1450607336,145343806,125644441,925078362,350125392,1207985966,135174190,939266394,977900888,151833881,151354701,3005976931,400186751,595525996,296227951,14731407,3067325389,237941305,2210034768,246120775,2181769143,1171293552,943806758,158712858,4468848852,10726912,89982090,14071487,107042980,1549650422,105382086,916553269,529256619,221302426,1274913919,4179349514,737075095261188096,718421987538788352,69876392,4473180552,1572909170,3171131006,170939623,136854433,142259228,360623475,3266869692,68371366,386928380,206262618,481824635,2332723700,241946031,1704834752,3099734910,122305557,1874866345,111868788,400026244,239747335,2397470018,139164333,2642522798,1090641373,274533438,448485458,223410747,2787219211,3194883110,711498075315933184,260214785,450577915,278123639,3257172907,17622782,2493888254,238071643,2709268788,149445188,5135831,477375328,454092313,2275037991,73595806,94810522,178685274,416876537,3141678404,300735474,2390263165,1233247134,196499771,77898979,177177552,232816019,110173089,1583594232,702642855588663296,707048182174261249,710825790405881856,2711712037,240709714,3073274168,3159534847,84863232,77198783,951594751,2937115692,293407200,2286184658,109832030,1028369821,4888081354,2852621401,363441137,1343914832,152568882,355056237,176053446,586380468,95336816,754185677076443136,157163299,63461143,425057562,1304664565,2956051663,2954885077,101398428,57169686,443554101,351942181,1013033460,1840846752,526116212,223723022,3165537912,1103496770,172633862,495499887,1384684081,264320265,107387303,595139186,2893328989,697005636467339264,355467508,3411521,478151841,2949187830,2949640063,2951289997,742835747372163073,472985752,527459582,734658852012986368,3068161046,167728298,744712467473784832,2391166176,161326433,135466702,619973341,2675768354,605695639,2241921036,455905703,208356448,4882146885,99935747,100939741,5631872,113559671,764454329365344257,213652446,1389378229,397671438,124670174,60816628,2278316137,337556529,4396859658,131847523,256402505,51460145,362507353,738271002811994112,86282544,362401254,174967198,95411578,2829565116,716450801200136192,1610344716,535216881,126879748,555883563,3225078481,179059903,106359350,117365267,2322986196,2477585239,927643128,196108701,1550020328,1103443658,714355410933665792,14321173,1242531530,4706662398,2301058656,2662515085,714522762849570816,2496511436,109196968,1910610115,4673443538,300766678,4655551813,2232672451,128754333,418305249,174432016,4501201,1588025569,775946400,247558355,82584006,100532963,3167639346,2771377226,109937762,4736964470,2237142252,97877512,303036121,86129051,962752736,269583605,200045806,106249538,212941972,729265190336749569,2215425332,785083170802708480,128559255,709258447594725376,331647240,819701467070099457,268215436,750407351434260480,3303023372,151214284,738899638594375680,4640023230,203576003,379130207,550742704,188371273,107880424,364322393,3998911995,553466099,1209260426,2580517280,433516270,138443914,345654398,277024032,537971182,423940329,768743121937051648,723934291,826802862,573273070,458359698,2365023114,15289385,605364332,3313816808,1403983866,103412033,903709178,295531868,619182875,2270217308,1030487389,2515050499,3059645574,3320623284,1711375848,1319610176,159212067,753066673968590848,49116473,154152824,2346300367,1859898992,90522012,120158285,3237977286,723892353262473219,3558795492,1920293444,2759083950,3688487773,310668082,69484065,2989187624,1927123123,1490574733,173787609,2191464510,125569629,345339150,1025942498,504670586,2909429360,313220725,198577086,555731239,162444870,14204588,3139042921,3021901800,84617104,3100773817,115694863,246909073,3316270302,289324309,1013431068,105699879,474043610,3045517662,730034216340103168,2947813885,145945568,120421703,788774233,109008673,714168817,1381911260,235865320,2274696348,1241285960,3139636165,108845767,314596015,724808278086012928,2317184737,4602900259,138292326,202176646,2280673579,803976831380508673,560421099,214924725,109146393,362426883,344005967,2958126806,65945993,992328512,89914545,2769939930,536124258,293473835,480202138,582786194,2658981814,1878666397,230105403,271446959,1524514772,140957446,131128662,729573631764762624,13001522,2564287213,2960828269,55897052,104103380,508982156,164670171,2623627357,582661019,238551083,72840900,185112212,2787896394,545355018,2947862881,3014161212,267048791,2901049411,2805566264,1326553327,47588660,745596723192442883,251533156,2527587546,415552787,1223420443,57385998,743909917363363840,2974965596,2539035872,268231129,2937110376,749593075194834946,935118805,330423662,2679930006,2243990906,1413237433,754628335641124865,820855137610571776,1973723688,610038386,105022503,625533687,1350742926,112983529,487230954,51000475,44628277,3315835183,268195377,200823909,3238392042,528961416,146764879,204365639,2254646966,99740690,803251242,105829199,477662077,3289614930,2934591702,2964608034,3061307797,741257818414534657,2150792004,1349543347,2887582890,4734433003,4749604766,821550209406672896,162287986,2697828972,2255128608,994573321,88103577,388369087,589897426,266777507,3912308113,546728886,118714827,1588912886,739298937794793472,726446347113525249,327967013,147137111,117913533,125171112,2868987948,269907583,745616877473275906,803090686346076160,384880511,2264756869,2257161986,806977792449671169,154172251,400720799,387115487,854858016,2810604966,252605965,758889551448330240,781823883372486660,174831676,3309086234,2994800682,810129963349262336,229845375,1366995445,4462131,2847670248,50332170,780131496,266503807,264627362,56301225,3045840854,3270234486,3222456205,2997349466,1226992014,4465169900,402615426,735375182886535168,475499588,35202072,195746332,779509437157429248,783691840717336576,2969056416,276979791,4688299748,2279876474,2933878796,1254107040,4556832800,64911650,1634992076,1524583459,173852199,3317596596,726756373,163000984,280971333,96301196,3319447147,2720693072,30196675,164165832,263058668,444716886,404464302,130486983,1562215802,140417249,765366964160045056,1293552186,786901818,2906144503,111907815,59111213,155910728,289850405,4834033657,254515182,2304445310,2931796370,601453185,22360236,151291221,3259133840,615266918,784078036236800000,1344776983,1647738492,2509949550,1427652896,2506563524,2680714453,4222761972,2284404115,2829605666,302928032,3159746378,729193643257401344,710498263305031681,172028151,2610019009,1242582606,1284821245,200468750,416065669,17331823,97045279,1633134696,306699083,89599240,2565480336,142605239,2153078023,14569397,96519178,110046071,1948723693,1542668005,2836342982,232858720,2501381389,480375561,472979573,2376778740,182700115,75304702,2271726385,755787719821758464,3313011139,766631804983836673,538964138,141041752,3251419254,301488928,117132594,732729301926207488,1189391060,60125030,1530835099,2211586615,113805879,287495267,2805243174,3071515603,2791219595,1863750126,4756438160,731004211391909889,4296213266,196943352,2385330992,1571674915,156257912,1923812821,153339375,2889514765,72462374,36914160,2300772428,483474409,177549105,125950361,21074238,2359432340,785144482308030464,1210682473,3627399018,496792736,783916695920320512,368996234,607048619,3109704878,549195296,251584750,127193675,2909471707,725339844457598976,3493408212,2795956424,2932864364,2528784290,135844145,990893935,3041585293,1500644089,1264224049,16412925,726851210787979264,11048192,1613064720,1016464634,4658851008,33466363,102890665,110748603,78660259,61769634,71688342,717387731505025024,1152553026,2687845069,2821218805,759036149687984130,2454273270,293845553,1945768196,42040834,2922610254,824279955785666560,71485317,12286282,2902607143,93349957,3160221998,95866345,2957695782,2883121873,41325693,737975587,2465862210,181613766,1660285278,109519099,174838138,127794430,886193670,2399288486,98373834,2589439710,3273648612,241870747,3007718515,328295100,113873165,732446467852513280,6386322,20775213,2523875604,318434554,1923257508,207588434,4856011,3163061474,100912201,68312128,793371642223206400,255483495,2413946532,2599820610,99065146,118974500,300684112,630993052,108868191,106295294,2229758856,927680065,45116366,118939970,2428405094,770183095,98630296,2876664235,973296798,699152872663961601,1116748572,284575303,155211167,448773504,828337118,3011202535,761093938690207744,2543379835,259834297,60029325,765179539836194816,1912624046,3061195921,2357664295,120782636,4332995414,2297798923,578221275,128215955,1897515272,101739431,442004205,121840316,217294345,1609554908,1063561645,158373726,1217589314,2157994483,260251167,3007915002,395900997,546632339,203032385,124616624,743084460,103045051,4087720994,113175398,112629345,129701418,906404024,133220440,750319160907804673,1100943085,102710639,1929743694,244450588,2940556627,2965261957,218479938,2831955475,2904052513,2394288816,2953635108,2193422712,1543090807,801352566,1409334038,238144988,1141254258,3173076559,275605379,1664121583,200829722,2274163202,2464573315,472372738,3189365473,2203134588,158233483,2703151622,1060667774,139931339,2941184210,1028603990,4821219145,1489266498,1890818822,195202526,4147795518,2892153390,1387221337,83156849,91741468,469889417,483820417,1446292230,362916147,2940686539,768108571682705409,125598335,1547723784,2914622503,166669927,126248975,2350082330,397231718,1676527405,1730267449,2909126971,2840853390,1404931322,268762996,790016653190803456,725843530095063041,99518839,2800789326,4880994851,9801092,2415212833,88934299,565141916,2949105313,375989152,115101698,2915985534,2381332208,440741045,78560756,4068886452,124360035,81128999,1469752718,45284903,84279864,58188848,75828566,6257722,2301116940,932294724,220942976,160111545,4120233199,795022678952247296,70675887,1050134665,3234855203,716422721190567937,2931249776,897539881,354129225,1896712657,151277224,276497380,3266835332,189412007,2232883778,1385161316,2614965704,2672591984,3671517134,2284681908,627703799,547833114,803393343145185280
120094779,2778689418,425057562,63226619,14514082,129523062,731077604376076292,2167589748,2808820982,76891783,1233247134,6222522,4543695072,1369359684,821278981,328530559,2617657778,269583605,768108571682705409,1913156420,175791766,20063068,1531681555,3124329918,25043006,277946972,6257722,55143079,98031440,323459782,630993052,186647848,69001921,274533438,2338020751,1427449448,3947332213,77898979,282854774,760003723493900289,105382086,3282303163,280428157,196499771,1423260744,1412666898,378977252,19516793,133058561,139402255,4882146885,469090831,278927574,2615595660,105781620,3274075003,2263777033,4659620612,610909079,582494043,3013070346,707636043562901504,2917530558,127850518,1171293552,737075095261188096,3061307797,776416227673518081,1597857721,278123639,338640640,925078362,816922284938010624,769721903460196352,341362442,2153078023,2539568072,3181535172,3182466757,107042980,801122563225055232,415375895,2384525437,247558355,213652446,2509949550,121117243,1207985966,803976831380508673,1034540978,582786194,2752933818,149468897,1687041560,160549908,95423452,4773028386,586380468,106336792,4830205428,2219883769,816811554335096832,2186295889,5660332,2286184658,174980721,55112346,2299460798,2805566264,178685274,3876073340,79169816,230105403,41997628,1973723688,1013033460,177177552,2514846540,416876537,576051950,744712467473784832,142259228,2811434557,2893328989,15888322,88343761,221302426,3068161046,351942181,322532317,3313011139,4104111,15982204,47908556,268762996,350125392,102710639,143668234,4388891539,786529720410054657,2750137763,4468236687,105639187,2317011618,749261411495219200,3303023372,977900888,2893641422,761177743,3092684144,443554101,360623475,537011466,14731407,992328512,3257172907,2278316137,1088886354,163777461,2210034768,14489679,760980773306372097,3073274168,14071487,4732173733,59662454,14569397,352263819,154152824,243554498,3688495640,45284903,4831391,400186751,1326527461,105022503,305337902,2832912835,393421706,237941305,2842190244,20909451,566895854,805396656552218624,89982090,205278010,139433444,246120775,104507727,529256619,2658981814,736808744227479552,2354994482,129077593,3061195921,57215295,565141916,3558795492,4888081354,702642855588663296,108198353,1090641373,2787896394,232816019,348512679,916553269,170939623,584337995,17622782,3220161294,57841747,68991795,405313158,3157147598,3100773817,3171131006,2332723700,1974730154,636753909,2397470018,546728886,84863232,1274913919,3794781553,229845375,128215955,311566253,1580436128,113559671,212237100,806977792449671169,555731239,88934299,2837925294,220942976,386928380,22360236,400026244,69876392,2662515085,820482874101014531,894582775,320108889,2575575241,2515786394,223410747,345654398,239747335,362507353,1035828998,63461143,2937884503,272493866,130822837,1459038086,1704834752,764454329365344257,3045840854,174432016,3888675980,477375328,99935747,106923358,82760669,113697022,4673443538,1711375848,561042124,454092313,2536397517,111868788,47588660,331647240,95336816,2954885077,1583594232,57169686,162411359,122305557,2771377226,75828566,51000475,112983529,2909429360,2711712037,1389378229,1368492708,223723022,1588912886,433516270,1116748572,235865320,3003260880,124360035,86282544,2956051663,83810350,268215436,472985752,277024032,453046221,264320265,88449284,3260727974,176053446,1103443658,2951167880,73595806,139164333,83868996,595139186,113946504,77198783,1840846752,2847670248,1910610115,1524514772,754185677076443136,1304664565,504670586,2437020536,64723017,2812386744,355467508,125569629,2933878796,745596723192442883,1384684081,284058607,251557452,181423154,2951289997,172633862,152568882,200829722,337556529,765225118284910593,4706662398,17041744,131847523,14283262,759036149687984130,327967013,296227951,3139636165,495499887,526116212,135466702,2237142252,799750525,2929595516,3266869692,738899638594375680,1611985321,162444870,78560756,260214785,88103577,60013265,697005636467339264,607048619,51460145,206262618,515387301,527459582,1711712635,368996234,742835747372163073,134752598,55897052,241870747,203032385,1549650422,103412033,126879748,203576003,3320477040,207071154,21478350,914768083,953284290,1863750126,173787609,4736964470,745616877473275906,157163299,256402505,3141678404,35202072,146691028,750407351434260480,719305439943352320,1025942498,2322986196,562773398,927643128,96301196,2615352619,135024885,3165942768,716450801200136192,1254107040,605695639,313220725,2381477892,3238392042,4514277494,370956885,301488928,2493888254,381475602,1030487389,555883563,726930710506827776,780131496,300766678,196858438,196108701,364322393,819701467070099457,125950361,1381911260,2827288428,2610019009,1610344716,1628086310,935118805,1242531530,303036121,709258447594725376,582661019,52876801,180344407,4655551813,2484174553,82584006,4737008827,3167639346,173852199,241946031,545355018,729265190336749569,60816628,472979573,3734808385,138782673,3145921000,2527587546,255000007,151214284,2994800682,462113084,115694863,12286282,2215425332,138443914,423940329,228019907,27829621,976523503,595525996,3059645574,135844145,3022689258,128559255,1427652896,179059903,1209260426,110748603,2995799155,757935824168112128,3099734910,108499170,1609554908,106249538,232858720,1138418154,398759235,120158285,2810118211,1613064720,181613766,790889099448115200,767419549973045249,2181769143,5135831,1403983866,269331661,2211586615,142605239,2789138898,2732830194,1927123123,1547723784,347685856,934350930,2391414840,2799252552,2191464510,573273070,69484065,2989187624,3627399018,115101698,164670171,3019862611,2999619314,3008109320,4016349560,314596015,762628591590920192,2787108145,903709178,730034216340103168,87094927,300735474,2580517280,1813277905,289324309,434597746,1651539458,125010416,212941972,458359698,1241285960,968298318,511752613,2909978522,97877512,2931796370,90522012,2599820610,14490029,4756438160,164165832,58188848,191868738,2605699718,3411521,726756373,268195377,1490574733,2710488801,268231129,109146393,145343806,788774233,110708439,10726912,59111213,3237977286,444716886,900071821,803090686346076160,1297332128,3998911995,2353819681,114136193,89599240,162287986,264627362,87563701,4742354232,2280673579,93354555,1499874158,6386322,952917517,72840900,4837045212,75304702,2684439757,625533687,3688487773,477662077,1264224049,619182875,1030020901,3021901800,188371273,619973341,3045517662,167931263,162391882,2881032907,264840291,362401254,200823909,1013431068,741257818414534657,5680382,120421703,1923257508,100939741,1315643804,1609814401,2381332208,1344776983,2356542222,4473180552,2589539666,15289385,95411578,2868987948,3140404699,5631872,987733650,125644441,102593218,124670174,148656971,131128662,743909917363363840,400720799,61769634,3119545434,814823597130686465,1730267449,246909073,177549105,363441137,2600375870,228270731,783916695920320512,1571674915,560421099,1562215802,749593075194834946,231786245,2543433007,1878666397,1413237433,14800072,4749604766,802796128978599937,1550020328,1100337062,2296380523,112676425,160151033,784078036236800000,121840316,4824017865,817489500,2409555762,714295422567600128,214924725,298596544,765519252589727744,86129051,145945568,839521764,13001522,140957446,2947862881,108845767,44628277,70919823,2415212833,2937110376,450577915,2496511436,159212067,109196968,2953274317,71688342,4332995414,2986115947,251533156,939266394,635228827,710644613132853248,821550209406672896,1903582759,106359350,2539035872,266777507,109008673,109519099,4068886452,1543090807,93349957,11048192,2468347933,88385720,264742197,238551083,195746332,801352566,779509437157429248,202176646,2284404115,128405708,2254646966,2904052513,146764879,2844114078,615266918,2940556627,2176257618,2679930006,4361751312,194523471,2391166176,548376650,714355410933665792,3194883110,127794430,610038386,1524583459,60893404,1166418067,1451665674,711498075315933184,786901818,785083170802708480,3725084840,631111251,758889551448330240,155910728,2997349466,20775213,335270348,1016464634,3315835183,2234860657,2380754792,387115487,64911650,605364332,33466363,2697828972,204365639,2304445310,271446959,2949640063,1860453498,702737735035949057,631695066,768743121937051648,487218218,2257161986,119375961,797264404731432960,3014161212,95593476,781823883372486660,96784888,2847947652,1385161316,56301225,2887582890,785549586,261562721,96519178,185154117,1060667774,2464573315,790016653190803456,2515050499,172028151,5707612,508982156,4272393088,263058668,1343914832,109937762,2969056416,174831676,111305124,42040834,2495658756,726851210787979264,2564287213,705703684517163008,149445188,118714827,14204588,253938110,2264756869,2465862210,3320623284,3614343854,1226992014,92249578,453183659,3063717451,586510161,2258730013,947345778,3309086234,3690916093,783691840717336576,154172251,105829199,125171112,154891798,306699083,717387731505025024,60302547,260270202,3692725645,2829605666,2594651228,3266835332,3107407926,2543379835,554281984,196943352,2337272023,705910929574096896,118974500,101741110,154914770,98630296,504054937,141972571,382732869,293845553,2720693072,1189391060,302928032,2773016930,62261018,99065146,2906144503,2317184737,3222456205,68371366,1217589314,132851221,3166635654,158233483,163000984,2243990906,1859898992,765366964160045056,1671505184,1633134696,549195296,2423813221,379130207,329270902,1330713522,269907583,128745563,93291481,3671517134,17331823,3323083208,990893935,1945768196,143395531,939088549,4856011,166669927,1350742926,155211167,1366995445,472372738,1640228828,483474409,824180272153460736,765179539836194816,802966965778137089,1948723693,715573470034145280,345339150,854065868,2599744465,194544929,4462131,103045051,1874866345,480375561,2934591702,90127104,4847883009,585767501,416065669,2680714453,2823394544,490054809,2591882168,3240026966,2751909728,4752384918,2297798923,3246031,2456535746,828337118,2589439710,2957695782,318434554,99068944,9496792,300684112,2312764416,200468750,732213843275866112,100735582,2528784290,251584750,62103993,766631804983836673,2493043944,81872670,9801092,3159746378,1558233030,404464302,18115386,327705423,69472367,124613689,2918770074,287495267,287021085,4744123633,2931249776,729193643257401344,755787719821758464,156257912,2346300367,820515405936541696,1242582606,388369087,2589021998,1293552186,1152553026,737975587,2902607143,2965261957,280971333,2836656024,1251554004,4222761972,448485458,3007718515,1554718525,167728298,1409334038,3251419254,90819024,293407200,2909471707,2565480336,127193675,747633123924422657,797545694,18468872,50332170,795022678952247296,425391700,725339844457598976,253539506,2610027457,2359432340,3274733647,3160221998,1975990291,76930558,2255128608,1185681416,182700115,538964138,732446467852513280,2932864364,3270234486,411244259,483820417,98373834,377443117,2766156750,800611986,2687845069,2795956424,104103380,994573321,37883663,1632868171,1500644089,1329547237,120362036,743084460,536124258,785144482308030464,2623627357,2922610254,2454273270,732938444532391937,4355530633,1384522674,41787094,99518839,1634992076,2243905819,287112527,95866345,207588434
601884446,120094779,3062795226,953284290,63226619,14514082,1319610176,20063068,76891783,1369359684,100389301,2167589748,2423813221,336288480,328530559,1948804807,189843586,2999619314,3124329918,1913156420,1389378229,2489869620,25043006,6257722,65903603,277946972,741074286245339136,108499170,77898979,104507727,1152553026,2838098606,768108571682705409,84279864,1412666898,636753909,269583605,55143079,1427449448,520407830,2338020751,1353473077,98031440,2181769143,69001921,3282303163,124613689,3066576181,1633134696,66702733,723934291,278927574,105781620,453046221,3274075003,120387992,3947332213,2263777033,2364862603,925078362,422921272,106923358,90078908,107042980,2752933818,415375895,480202138,146800457,585767501,278123639,1210682473,776416227673518081,2275037991,582494043,212237100,3092684144,142259228,145945568,1034540978,1050884977,61769634,351942181,817802312965984256,1171293552,121117243,2384525437,529256619,14204588,200823909,2811434557,421621840,2988718722,586380468,2605699718,2219883769,2468347933,1207985966,990477380,84863232,4468236687,310668082,154152824,228869032,71258446,4830205428,46610863,737075095261188096,716906391202439169,15491520,178685274,174980721,755371384159608832,556141639,2176257618,2186295889,803976831380508673,2234860657,17622782,1610344716,1687041560,3876073340,3688495640,702642855588663296,2210034768,96301196,2299460798,221302426,557749727,15888322,4000154652,759036149687984130,469889417,1640228828,4882146885,761177743,273292176,1103443658,706464581879640064,230105403,49116473,537824905,3068161046,559989799,2358047724,360623475,1572335857,977900888,2317184737,744712467473784832,793794511621140481,17123286,434285617,2170395426,14071487,416876537,7611042,186647848,86524045,612672625,350125392,2973568105,1090641373,302928032,104103380,3040476331,546728886,287021085,89982090,768424151757447172,305337902,400186751,3067325389,100664754,2527587546,64361064,1013033460,1609554908,22360236,1384684081,237941305,119375961,246120775,235865320,403210652,18468872,1886224830,2904052513,443554101,300735474,2893641422,3914010132,1030487389,232816019,947345778,565141916,2254232792,75246193,571216032,86129051,33466363,3167639346,2188598011,3171131006,125644441,386928380,1665379862,2509949550,127850518,1685268846,2469253308,411244259,916553269,1326527461,135024885,15982204,274323371,2750137763,2787896394,266497511,153040323,916433802,806977792449671169,69876392,235962965,63461143,148268248,228270731,726851210787979264,630993052,2153078023,2332723700,170939623,113559671,854858016,102890665,14917583,2914585334,240159914,1962030606,101667215,105307264,707636043562901504,362507353,2303984232,149445188,1274913919,3558795492,2397470018,93354555,12286282,223723022,238551083,4732173733,1635080534,14731407,3249286836,296227951,2496469213,2938190389,1492517948,3257172907,2805566264,448485458,472985752,477375328,274454794,1704834752,2954885077,582661019,99935747,177549105,268215436,115101698,400026244,2923503816,274533438,454092313,1035828998,115694863,805396656552218624,1628272183,277024032,57169686,113697022,95336816,2720627318,112983529,15721090,510032413,1343914832,524276382,774201673,2286184658,60119489,2746766683,99097944,331647240,2589021998,1583594232,820482874101014531,176053446,223410747,2197954712,1293552186,1381911260,3229887271,2565480336,280092340,745616877473275906,111868788,3303023372,4673443538,3401711,490054809,1304664565,825619742,561197036,555883563,462113084,3998911995,2771377226,122305557,2956051663,177177552,281881510,823488104,481824635,701508926471168000,355467508,268195377,5660332,172633862,1028603990,264320265,2995056883,1929743694,595139186,1209260426,9496792,1233247134,370956885,2615595660,841903592,103412033,99518839,754185677076443136,2545824511,487367522,3149412728,3073274168,2662515085,77198783,762684987246153728,100735582,382732869,445958544,86282544,1547723784,1840846752,2936563164,2711712037,2935354328,3402271814,4923818598,75723508,1851692322,1680042638,3238392042,2278316137,764454329365344257,137038221,504670586,607048619,1490574733,158233483,1427652896,3669112820,139164333,129523062,67307203,143395531,1060608565,745596723192442883,364322393,501750305,337556529,546632339,3139636165,51460145,2653457784,3030049807,344612717,527459582,203576003,3066715584,3061712845,765519252589727744,738899638594375680,18115386,1140299814,856373298,142605239,127794430,697005636467339264,133354204,734046996248465408,697266072810946560,2658981814,2703204235,73595806,2951289997,3061195921,135466702,152568882,2489355044,2447077172,742835747372163073,79169816,81128999,2514846540,2951973582,4753538048,1572909170,437515024,5524732,508982156,15410677,310915403,526116212,4104111,1065660787,181613766,1627975964,747770700497223680,595525996,88103577,785083170802708480,4736964470,80601495,138751887,1910610115,174432016,55897052,540045117,515530852,68991795,1524514772,2187790178,196108701,120332990,78560756,935118805,783691840717336576,3266869692,605695639,109540218,1403983866,927643128,118320082,784583050814521344,109937762,550742704,1859898992,1247647591,2994800682,121948820,632433,83810350,329732278,136546077,5631872,88385720,239747335,313220725,2237142252,2928258564,714117104446758912,2836342982,1863750126,14365306,128215955,308971641,256402505,3100773817,16979586,179374042,1344776983,1016464634,1923257508,162444870,788774233,84617104,132851221,300766678,555731239,839613308,709258447594725376,2858688673,2493043944,173852199,780131496,164670171,241518702,2719007846,136854433,2953635108,1613064720,16437836,260214785,35202072,768743121937051648,314596015,1264224049,131847523,729265190336749569,1927123123,279995344,2322986196,2191464510,819701467070099457,601548919,716450801200136192,772725649077260288,117779821,2215425332,3411521,4743888852,2193422712,303036121,514145505,1635161402,3141678404,88934299,110708439,151214284,132875626,3263657660,51000475,4881998718,289324309,795927309467271169,362916147,1254107040,1025942498,562773398,108265485,87963363,3182466757,582786194,433516270,4087042812,55112346,799750525,72840900,138443914,755380822266437632,2417178230,4655551813,17445709,2902602613,1185681416,206262618,82584006,120158285,803090686346076160,220942976,3059645574,785080396308373504,47908556,1297332128,214909443,710498263305031681,3237977286,1549650422,6590812,124670174,458359698,472979573,2566818997,903709178,103752220,128559255,91248238,1180547846,363441137,495499887,1116748572,94714235,6386322,154172251,423940329,17041744,3870526394,1241285960,2847947652,195650663,232858720,4002453202,730034216340103168,1582593170,1178699515,59111213,124360035,96116357,1711375848,986764788,2493888254,425057562,2931796370,173726630,83792969,90522012,3061307797,106249538,386547738,731102355026890753,554281984,2580517280,69484065,2989187624,444716886,347173019,108961569,196499771,2280673579,212941972,204850340,100939741,3692725645,3989272516,241870747,97877512,60816628,95411578,2254646966,213236608,81872670,3688487773,246909073,162287986,207071154,167312754,477662077,370103075,4706662398,1143806035,125569629,560421099,3807963433,109146393,164165832,2610027457,196943352,1632868171,120421703,801122563225055232,479367164,289403800,726930710506827776,2376429138,736202475347136513,1730267449,573273070,2409555762,1559952566,152695179,362401254,1205285521,105022503,400720799,3312094458,584337995,3021901800,483820417,3045517662,268231129,2852621401,131128662,741257818414534657,1651539458,1013431068,3140404699,5135831,3119545434,126879748,3246031,44940172,292142564,2909471707,71688342,89599240,2496511436,263593400,125950361,619973341,96519178,2868987948,200829722,1413237433,103366455,765414140,355258981,3245835464,266777507,146764879,13480112,163041111,2465862210,3254105774,2680714453,2453832720,4575757154,3170576534,992328512,1878666397,30196675,4501201,3053959400,784078036236800000,1562215802,280046719,2172523608,4222761972,619182875,2947862881,2203134588,70675887,140957446,188371273,66297785,2697828972,9801092,3286002368,743909917363363840,145343806,1492769724,2937110376,779509437157429248,754196636,13001522,251533156,541632610,821550209406672896,163463985,125171112,204365639,2940556627,711189023218278400,2539035872,44628277,2679930006,157163299,1171787354,1254144932,1134689647,767419549973045249,1266757412,730292148554194944,138462788,511311818,1242531530,311566253,786901818,2459159587,731103687997673473,749593075194834946,357439604,3315835183,15289385,180344407,280519165,1550020328,1626703308,195746332,2908858183,1671505184,226517687,2684439757,1409334038,528961416,976523503,56416155,1248105421,194544929,1903582759,2599820610,41997628,538744723,2304445310,108845767,1022365458,68996145,3099734910,2391166176,2775349116,610038386,167728298,2270993311,2785129807,1060667774,6855912,758889551448330240,271446959,4332995414,2257161986,732446467852513280,2931249776,99065146,1524583459,2893328989,785549586,2454273270,711498075315933184,20909451,801352566,1366995445,202176646,2350082330,615266918,64911650,2969056416,56301225,421067376,781823883372486660,175241788,146320096,2415212833,266503807,174831676,3185091116,40371618,1543090807,133700928,3313300826,3919372272,2956746224,2941236042,3066310974,1632630626,2829605666,263058668,2594217852,753083036728717312,301488928,2332146613,2887582890,4388891539,109008673,134776591,2459609551,379130207,154504848,2297798923,172028151,78577879,3245862577,42040834,726756373,3627399018,163000984,118714827,2564287213,387115487,790016653190803456,2264756869,99068944,4674402505,5161091,1226992014,1153016664,105639187,264627362,2479331617,2833050776,1666176439,3493986505,777098130885971968,2232883778,717387731505025024,121721069,168607318,15365284,377955975,155910728,778625810886373376,3250239018,146482503,166669927,82760669,918464959,3309086234,108198353,11588872,4090587074,69014764,109196968,1189391060,561042124,106359350,58188848,214924725,121840316,348512679,107119226,2391414840,3178222652,2543379835,20775213,206483963,2720693072,98630296,3909041,1580436128,3007561274,1022470772,3222456205,2433041982,990893935,125666483,769587802585509888,251584750,293845553,146800179,753560426722435073,151354701,15197042,105382086,10726912,45116366,287495267,2589439710,4068886452,65828572,1282811928,2997349466,1624303448,45284903,17331823,3978705854,750407351434260480,167931263,2909429360,2957695782,1945768196,744495571566661634,2495658756,766631804983836673,4856011,1948723693,2953712178,2805243174,3071515603,83868996,60250728,149062884,355600538,1330713522,765366964160045056,480375561,450577915,2737241959,1558233030,706321454837567488,3159746378,2610019009,472372738,107220190,765179539836194816,770059309942239232,120417286,703580517908611077,1001410644,434597746,1242582606,318434554,2216911134,3320477040,2270217308,105829199,762628591590920192,92765772,127193675,416065669,128796794,3014161212,706657438359945216,3328754372,2528784290,3018372985,97045055,3266835332,549195296,2381332208,732938444532391937,300684112,594376110,783916695920320512,785144482308030464,1576172444,108925802
3045517662,120094779,3261849444,325390621,195409750,63226619,2709702836,1607484811,14514082,120417286,1477649173,1369359684,76891783,953284290,2167589748,328530559,1901893176,109146393,71258446,2364862603,25043006,213236608,115694863,3124329918,241518702,1913156420,196108701,2423813221,1427449448,30221731,2917771100,6257722,332902064,1676367048,2207004294,277946972,1412666898,4104111,2530102009,2338020751,1185681416,98031440,77898979,55143079,20063068,162368053,98148497,1608058356,105781620,3274075003,4885527589,1386019038,2886459654,69001921,2717342744,278927574,107042980,370956885,290570569,768108571682705409,724718263519707136,1588912886,415375895,636753909,3688495640,2295331616,4468236687,3947332213,2263777033,2605699718,630993052,296227951,3323015893,2384525437,17622782,269583605,2752933818,45116366,84863232,2750137763,144311680,2370283988,2148975914,220622170,555026658,529256619,2181769143,3194883110,109832030,278123639,1171293552,701508926471168000,582494043,205278010,3184368337,351942181,2733108806,707636043562901504,925078362,4830205428,2514846540,1034540978,783691840717336576,313837976,1318631102,15982204,828337118,375989152,121117243,776416227673518081,2219883769,1207985966,2811434557,3031523547,154152824,2873270550,737075095261188096,178685274,221302426,174980721,1572335857,2186295889,744712467473784832,102890665,702642855588663296,770263565643059200,2210034768,3876073340,1310167417,1548029071,2299460798,62103993,14593489,4478313312,586380468,15888322,2887151053,1687041560,96301196,557749727,143395531,414731801,729559098367221760,3068161046,1384684081,977900888,360623475,14071487,803976831380508673,483820417,186647848,125644441,416876537,1090641373,4387558520,400186751,3282303163,116723039,1640228828,140021552,95185895,157163299,89982090,3246031,138292326,106923358,386928380,247558355,230105403,350125392,142259228,237941305,546728886,742118714280050690,1524514772,762259273711689728,585767501,69876392,490054809,200823909,246120775,806977792449671169,302928032,230387191,79169816,232816019,305337902,4882146885,23206248,2322986196,1103443658,175941832,2814113618,722471991697997824,916553269,66601333,1233247134,1680042638,2527587546,14204588,127850518,362507353,15197042,2332723700,113697022,2893641422,443554101,2879963990,582661019,14800072,325665913,1389378229,15491520,100912201,1274913919,170939623,1450607336,176053446,566327775,3182466757,1326527461,118714827,783916695920320512,1030487389,114606028,1013033460,2447077172,3493408212,1712523751,4157877853,395436533,223723022,3171131006,2397470018,2468347933,135024885,246161974,738620028837203968,148268248,244113072,6034802,4375182734,364322393,235865320,162444870,1304664565,2787896394,1704834752,422921272,2904052513,223410747,101690924,454092313,565141916,108868191,113559671,477375328,2868987948,2234860657,2954885077,99935747,2176257618,131128662,234755004,3558795492,472985752,268215436,2509949550,2951488712,2474911159,115101698,47908556,274533438,2415212833,749115733360029701,129999273,114799232,264320265,51460145,3067325389,109937762,57169686,3249286836,219655396,1394659752,723934291,119375961,2645941844,277024032,1361741671,111868788,95336816,331647240,400026244,112983529,2953635108,2153078023,1583594232,745616877473275906,2956051663,2771377226,1035828998,14731407,595139186,379130207,495015238,3238392042,172633862,994075722,64361064,619561685,109519099,84240596,2286184658,3257172907,820482874101014531,1343914832,1030474188,1840846752,355467508,176731145,3008441022,122305557,4732173733,3014443676,177177552,3303023372,32671355,1632868171,1209260426,268195377,103412033,124670174,2711712037,2872452860,992328512,2909429360,754185677076443136,164289791,119044678,504670586,298839830,238551083,805396656552218624,77198783,776176085138493441,476324515,3020350106,2658981814,833446077164425216,165147560,86282544,3100773817,1349543347,4673443538,782922762574630912,759036149687984130,337556529,2849781150,2350082330,2972208072,584337995,2805566264,108925802,759771283504570368,84279864,3266869692,3019862611,745596723192442883,790056455667757056,313220725,287021085,2909978522,14569397,425057562,528961416,146320096,1275291660,155910728,1306116488,733925814580830208,135466702,1427652896,7611042,139164333,2207546240,6019682,780131496,3139636165,527459582,2951289997,2662515085,4924887439,697005636467339264,126421794,1068050388,1949455118,1910610115,203576003,526116212,264627362,2477585239,215626926,1403983866,2519519436,788774233,4543695072,128745563,742835747372163073,55897052,2986447273,1381911260,607048619,179374042,99068944,4736964470,555883563,947345778,88103577,2254646966,147137111,501750305,303036121,1264224049,152568882,174432016,819701467070099457,3282776976,81128999,764454329365344257,738899638594375680,927643128,6386322,73595806,478259294,2191464510,300766678,181613766,93354555,3092684144,1923257508,709258447594725376,140417249,118987957,2237142252,1241285960,2529321883,117132594,3073274168,729265190336749569,287112527,256402505,99666183,1547723784,758756132,747798407733874689,605695639,1542832218,2953712178,761177743,159212067,1863750126,765179539836194816,2675768354,2278316137,132703607,67271804,1711375848,557811036,726851210787979264,803090686346076160,1927123123,151214284,459007521,2994800682,2215425332,2558095956,192704572,220515374,5631872,2862501254,981531715,51000475,129523062,3323067925,84617104,2276879678,138443914,325406995,145945568,515530852,2368837812,877619138,78560756,238144988,35202072,329732278,3273648612,4021939760,195746332,1116748572,56677888,787047858742505472,3059645574,260214785,125569629,76930558,232790891,716450801200136192,458359698,120421703,83810350,3671517134,3141678404,72840900,1490574733,335263371,343164845,3167639346,4179349514,555731239,713012772045348864,131847523,817802312965984256,177549105,289324309,935118805,421300019,173787609,103517258,99065146,854065868,1016464634,3061195921,4332995414,462113084,495499887,4655551813,903709178,722631382208352256,3237977286,412268132,2593143055,128215955,1655596532,120158285,1394475098,3020332068,2858199967,3112776163,89599240,295311678,154172251,741257818414534657,4002453202,3266835332,128559255,1025942498,175241788,314596015,728896016246661120,30445630,730034216340103168,711189023218278400,232858720,550236024,4222761972,582786194,82584006,5660332,444716886,12740302,472979573,107220190,88934299,423940329,239747335,819671539,2931796370,90522012,3208854919,3061307797,174902179,1254107040,173852199,821550209406672896,17041744,2615595660,477662077,1610344716,3117783197,100389301,484009590,199181346,2363841758,2280673579,106736849,266777507,854858016,2832912835,49009062,206262618,69484065,240709714,108890771,2429820356,417973441,60816628,1605308654,167312754,487385052,246909073,63461143,106249538,4835068254,162287986,1549650422,1923001070,2969056416,3688487773,196943352,134310806,1125217380,2989187624,1205285521,560421099,33466363,212941972,3068863958,1023178586,1730267449,97877512,125950361,4501201,433516270,777774072,400720799,71688342,474043610,3021901800,2172323359,80601495,287025479,362401254,554281984,1582593170,2493888254,164165832,2589021998,1436965058,127794430,769080055,3053959400,3081038653,4090587074,765519252589727744,2680714453,96519178,1152553026,753128531551477760,573273070,2565480336,1344776983,2847670248,1013431068,105022503,363441137,634427727,240698532,306156260,46610863,2679930006,1550020328,64098572,2496511436,2465862210,1874866345,101189087,797545694,1570828464,194544929,105639187,631695066,711498075315933184,727738475492089857,1413237433,1878666397,619973341,4822001774,3654646392,1427842244,2947862881,275280598,124360035,716906391202439169,146764879,200829722,14483249,3998911995,784078036236800000,268231129,271446959,2877731900,100939741,1562215802,251533156,2580517280,13001522,135527624,140957446,2697828972,107880424,3329174292,1293552186,2938865485,2937110376,71743715,779509437157429248,108265485,2539035872,231072576,596882560,125171112,786901818,204365639,2940556627,44628277,540045117,4821154994,241870747,207071154,703256340370599940,2766156750,5135831,2257161986,4706662398,174831676,934350930,743909917363363840,496792736,758889551448330240,619182875,2350371589,2921060522,2304445310,3605152476,726930710506827776,300735474,2986115947,1060608565,507450159,108845767,64911650,508982156,188371273,2391166176,285054492,1524583459,3411521,551091308,154914770,732446467852513280,2454273270,168607318,1886224830,2684439757,412165402,3315835183,15289385,790016653190803456,4888352369,56301225,448485458,2320860390,1881786662,610038386,781823883372486660,22360236,272396116,293407200,310668082,755380822266437632,2829605666,263058668,5573352,2887582890,126879748,9801092,145343806,3277978334,717330953828311040,1366995445,125010416,615266918,1330713522,2491024459,114136193,2297798923,2752056638,1851692322,172028151,42040834,2610027457,314980428,717387731505025024,3313011139,1226992014,101987838,3014161212,1647738492,156921608,95411578,96784888,1890818822,217998071,105382086,225420705,50332170,196503158,762648370041106433,1060667774,4388891539,292142564,3286538438,801352566,1333310348,202176646,2847947652,2270217308,340859143,2842304388,1671505184,106359350,1685386622,1054640846,163000984,2264756869,749593075194834946,380778898,97778363,3030049807,732729301926207488,990893935,376848464,3309086234,1189391060,1543090807,2605917770,2720693072,2564287213,2543379835,387115487,20909451,149445188,116399040,2589439710,109008673,1948804807,2957695782,395900997,4027691,166669927,3222456205,251584750,52876801,20775213,1559952566,562773398,4469808732,5524732,2359432340,2996555868,3692725645,561042124,66297785,2493043944,143404547,2889514765,1242531530,287495267,1633134696,1350742926,17331823,729193643257401344,1005168349,133361507,1254144932,132144376,4473180552,18468872,98630296,200468750,755787719821758464,134410764,44940172,156257912,10349492,102730218,3031898333,397671438,1948723693,155211167,2599820610,89385160,2965261957,2837925294,469914970,765366964160045056,749488564975480833,2243990906,1945768196,766631804983836673,4856011,74985376,293845553,92249578,2489869620,2211586615,166053929,3196269806,480375561,2610019009,3099734910,2902607143,3159746378,127193675,1580436128,2229758856,260251167,105086035,347685856,5161091,177048110,260103302,4068886452,939088549,2389268486,1427897413,41325693,1385161316,3007718515,1973723688,355258981,2399288486,3165942768,2997349466,472372738,1485011076,98373834,142605239,3251419254,767419549973045249,2891653886,109111349,2523875604,4824017865,2834110802,284575303,2876664235,362916147,1242582606,1974108781,3160221998,371141260,1660285278,57972979,820298958593372160,743084460,3011202535,793721890665668608,1571674915,776331945005375488,108198353,717059564521152512,109196968,306699083,3278098208,328295100,4756438160,2243905819,3328723975,300684112,416065669,604596126,744495571566661634,927680065,68991795,106295294,214924725,121840316,590905880,93291481,4310846180,320108889,4821219145,2528784290,732938444532391937,113873165,2922610254,239026970
14514082,71567394,97778363,166053929,120094779,328530559,63226619,1185681416,3011106324,801122563225055232,2167589748,1369359684,76891783,213236608,25306646,425057562,4844688865,25043006,953284290,113697022,3124329918,1913156420,3176761686,2893641422,59111213,6257722,2423813221,1962030606,3096336163,1427449448,5161091,241518702,2162751018,277946972,105781620,4104111,1412666898,803596488802586625,59741663,2338020751,306186328,98031440,1680042638,71258446,87094927,3308628632,3274075003,107042980,4753538048,104243106,240698532,117629877,55143079,858281910,69001921,75144827,2263777033,3947332213,375989152,383707910,768108571682705409,20063068,258352199,77898979,2876664235,1687041560,2384525437,412165402,278927574,760751126748602369,287025479,415375895,438407315,88385720,4830205428,221302426,2752933818,1171293552,14483249,4468236687,1589957827,2909429360,529256619,45116366,121117243,3316270302,208619138,174980721,78660259,278123639,355258981,803976831380508673,1233247134,711189023218278400,280046719,1558233030,217998071,636753909,99065146,351942181,77511733,1207985966,109758782,582494043,722631382208352256,142880137,2186295889,269583605,292142564,709970204261027842,154152824,2219883769,1034540978,702642855588663296,64361064,104103380,205278010,165147560,164670171,2604397898,1572335857,2181769143,776416227673518081,2545824511,2811434557,1319610176,448485458,114606028,100389301,737075095261188096,925078362,186647848,1050192536,178685274,379382447,597507411,86129051,3288776250,565576420,586380468,1626703308,783558192936595456,1490001877,3224213738,2153078023,17622782,233827914,2978880786,2210034768,21074238,787049881265278976,719166851003973633,138462788,477916784,1607484811,112364582,1708206241,609900867,3876073340,1384684081,211499786,744712467473784832,546728886,3190888184,134752598,3998911995,983785309,400186751,153665283,3283385959,15888322,416876537,927643128,349647200,2397470018,100939741,96301196,2299460798,2278316137,3139042921,411244259,196499771,1524514772,718064547291004930,200565066,237941305,1013033460,977900888,98891949,69876392,3068161046,113324330,350125392,133354204,14071487,625533687,1855577388,360623475,386928380,325284034,136213286,2322986196,2254646966,3688495640,3187328923,529566623,1318631102,2370283988,246120775,128796794,450577915,2896024994,149445188,223723022,1054640846,89982090,2695213880,1090641373,269907583,3282303163,1103496770,4213542313,3323015893,84863232,109519099,3009421765,1640228828,174838138,2787896394,111868788,277024032,121840316,235865320,142259228,1304664565,15197042,8967432,1245697345,79169816,161326433,177177552,2954885077,777774072,1214934704,12740302,4803307454,232816019,200829722,764454329365344257,223410747,355467508,274533438,806977792449671169,230105403,302928032,2332723700,3249368731,2994800682,156965743,1103443658,820482874101014531,5573352,78560756,916553269,1965202032,5631872,109111349,57169686,391884792,301488928,2493888254,305337902,3286002368,152568882,595139186,2195101268,369864517,555731239,337556529,802966965778137089,565141916,376848464,1389378229,145855797,2750137763,2918770074,76930558,1274913919,110708439,1427842244,103412033,469319791,362507353,361238907,267161682,1704834752,170939623,2509949550,99935747,14283262,296227951,2904052513,30196675,1030487389,1326527461,364322393,397671438,3310632104,2527587546,347775946,95336816,454092313,154914770,443554101,127850518,373383877,226162632,2498932416,760073383476199424,716688086336319488,472985752,3558795492,477375328,22735634,775946400,2234860657,3171131006,261562721,163000984,106923358,557749727,594376110,3004876956,968661612,4882146885,176053446,1499874158,126421794,177549105,759036149687984130,60119489,582661019,268215436,765225118284910593,93354555,3092684144,767010223202586625,15982204,233158153,2286184658,2216911134,750823691844333568,264320265,145945568,58494741,433516270,2780511594,738899638594375680,41787094,728584994629672960,119044678,18333044,112983529,2495658756,113559671,111464118,92283339,331647240,425391700,110705458,108198353,189092808,2237142252,3139636165,908154090,1350742926,732441900330958848,4924576459,585767501,2514846540,1583594232,3066310974,89558665,102890665,86282544,1343914832,313220725,172633862,745616877473275906,4732173733,2956051663,362401254,4581538279,813556953632780289,1584433194,74095169,175241788,3141678404,736493393690267648,259522430,3238392042,2951608693,2711712037,4289637476,2771377226,5629432,1016464634,110138953,3291600032,741914199236841472,19445294,122305557,2895718986,515530852,526116212,2578669447,139402255,164165832,400026244,1840846752,1214939851,196108701,174432016,731704095581470720,115101698,35202072,1035828998,741264231664734213,2191464510,268195377,803090686346076160,536124258,504670586,754185677076443136,1209260426,117636146,2951289997,745596723192442883,139164333,14731407,2993903329,2781046033,630993052,551550035,4310846180,1153399748,4880807249,109937762,780131496,77198783,2474911159,51460145,2658981814,3045517662,55897052,82584006,2468347933,60029325,95020329,1274187872,2594651228,167959130,119375961,3257172907,119092718,134448922,562773398,2410796052,3190203914,49116473,17123286,1910610115,2376555253,819701467070099457,2893328989,768743121937051648,2599278685,136544724,1890818822,2901049411,755380822266437632,3053959400,947345778,417973441,66601333,2852621401,1028603990,1948804807,116399040,73595806,393230000,767419549973045249,2662515085,2176257618,65945993,490054809,370956885,20909451,3008441022,192767456,2931249776,4673443538,4888081354,88934299,582769131,734046996248465408,1672184269,2363841758,1923257508,1427652896,3061195921,710652802326855681,763135216357548032,1163029970,211800955,873621247,238551083,224171470,788774233,1453341853,2531408874,2328195722,2816318186,805396656552218624,4736964470,2493043944,715072364094955521,726851210787979264,135466702,1330713522,189107104,1403983866,2805566264,1264224049,154905759,125644441,428288293,527459582,143395531,111134927,735257190135562240,697005636467339264,384281111,120158285,173852199,2255913955,147961646,822746227678683137,203576003,469889417,11503132,67271804,3145921000,555883563,3303023372,1241285960,742835747372163073,66297785,151214284,215549460,120421703,1404624722,105699879,442905741,289324309,487385052,303036121,472979573,3249286836,159212067,88103577,774168469877039105,300766678,2914495038,162444870,1711375848,156921608,2922323264,179374042,91545656,741241809792159745,4768642561,212941972,3692725645,607048619,2421654632,382732869,3266869692,709258447594725376,3059645574,102593218,708994110678388736,157163299,138443914,729265190336749569,2893542542,18161116,1927123123,97877512,477662077,434597746,3259579002,195409750,2949187830,716450801200136192,181613766,3176137200,867423907,1025942498,4906303806,125950361,108922784,128215955,145343806,256402505,541632610,50332170,17041744,1610344716,69828374,145993840,4543695072,458359698,543416483,3061307797,1466285257,51000475,163463985,310291557,125171112,206262618,1381911260,1588912886,831618696,329732278,4816648934,1576225993,163777461,3887817390,1706876556,267542533,11828922,467970267,495499887,2215425332,148268248,723934291,287021085,114155473,1344776983,105382086,108499170,30223785,72840900,605695639,619182875,742118714280050690,423940329,195746332,1542668005,112417515,1863750126,935118805,6386322,93247238,228019907,158227376,69484065,155064040,1490574733,1331302118,202083315,3167639346,1547723784,2518491282,903709178,2264756869,110354058,239747335,2415212833,619973341,582786194,4332995414,121948820,95411578,4901384257,46610863,128559255,90522012,404464302,4325708541,2257161986,232858720,3073274168,2589021998,167312754,347685856,189901525,437515024,444716886,260214785,508982156,761555897105526784,124670174,3237977286,154172251,2429820356,1549650422,63461143,584337995,413412566,4655551813,634392187,2969056416,89599240,822787257178329092,131847523,314596015,730034216340103168,109146393,495015238,821550209406672896,2519519436,102012206,1572909170,779509437157429248,83810350,480202138,1116748572,84617104,115694863,4738509493,400720799,483500921,268231129,241870747,2931796370,4880532975,1538205074,16979586,2989187624,1113998714,635228827,1562215802,3313011139,266777507,2280673579,3688487773,2615595660,573273070,4686011611,3100773817,1730267449,162287986,3115458205,2336832901,560421099,295626055,196943352,247558355,4388891539,1036891830,715573470034145280,129523062,1254107040,2940556627,44940172,4782826418,96295896,131128662,135527624,2847670248,741257818414534657,362916147,212237100,1671505184,300735474,105022503,462113084,60816628,781823883372486660,387115487,550742704,3011202535,2335148779,2540787246,2679930006,258617654,806067432578129920,3278098208,132069325,793692179470258176,3266579130,246909073,106249538,1588368044,96519178,125569629,2243905819,7611042,71688342,1361407316,3021901800,992328512,100145586,711498075315933184,4822001774,511311818,279995344,108246334,325421965,2680714453,711353581731840001,9801092,2301116940,716906391202439169,126879748,755787719821758464,2947862881,2465862210,251533156,815585430804402177,2232883778,54852268,127794430,784078036236800000,328295100,17331823,2829605666,243554498,108845767,3010014654,85838124,749593075194834946,2539035872,150203938,2181917178,820635677033316352,1013431068,2805693660,33466363,2191448756,1152553026,188637474,726446347113525249,1878666397,717059564521152512,140957446,3284776729,140361652,540045117,197087717,1413237433,60013265,2773016930,2937110376,156257912,15491520,146764879,854858016,414731801,476324515,160620697,631098380,5524732,271446959,68371366,37596563,4706662398,555026658,939088549,171024778,151277224,98630296,717012344,5660332,135844145,744308421298528256,204365639,44628277,2496511436,129249559,13001522,3654646392,743618924340645888,743909917363363840,3309086234,1023178586,1676367048,179059903,1524583459,2697828972,174831676,2304445310,3022689258,129140893,117913533,790016653190803456,981531715,2258866224,4779249638,554281984,1550020328,4473180552,112314862,139528880,117266521,1368492708,22360236,4222761972,1253781710,2890366585,95185895,18468872,1571674915,2868987948,363441137,3250239018,2705492695,293407200,2605699718,1973449213,766631804983836673,4175988912,2953712178,786901818,3148806241,765519252589727744,1060608565,3030049807,758889551448330240,375075859,615266918,2933878796,743084460,610038386,456762011,124360035,769080055,3724739232,761627853167341568,783916695920320512,2902607143,562085245,984450056,140376893,1293552186,400149650,788358705402175488,820298958593372160,531428646,1423260744,1687641726,614266230,64911650,2580517280,155211167,2454273270,2887582890,754011835720884224,14204588,726930710506827776,778243604250636288,2391166176,168471480,990893935,188371273,732446467852513280,799813018917814272,717387731505025024,2464573315,3130179908,263058668,3315835183,785549586,56301225,311403483,207588434,130486983,106295294,3322478408,203870293,327967013,402615426,1226992014,4355530633,172028151,707636043562901504,529467866,2891781826,229780603,143404547,5135831,2564287213,2805243174,275433427,2471854483,854065868,15289385,1277935184
2934591702,2909429360,2804774611,166053929,14514082,2167589748,87963363,1369359684,328530559,120094779,718064547291004930,183079588,63226619,111134927,3182466757,425057562,52876801,76891783,1492769724,113697022,47908556,25043006,213236608,2186295889,138292326,113676702,5161091,397671438,4882146885,2347785702,148750065,592526348,2642522798,524778224,293659130,14283262,3119545434,167240403,2195101268,953284290,3124329918,101667215,1330713522,363711129,2858907967,132955442,2893641422,110705458,284575303,1025942498,1427449448,1913156420,149445188,6257722,104243106,428288293,1359335772,241518702,105781620,2258866224,277946972,777383852952031232,2423813221,844960590,9496792,2722552821,2392726441,181613766,98031440,101741110,1199621377,3274075003,278927574,30011055,1412666898,151277224,119801759,107042980,2338020751,768108571682705409,55143079,3947332213,1859898992,64361064,119044678,2384525437,415375895,142880137,264627362,100904392,486310947,2263777033,3323015893,277479850,4830205428,69001921,77898979,412165402,71258446,1450607336,2752933818,867423907,221302426,76930558,140957446,3998911995,1171293552,4468236687,125644441,93354555,200935830,467970267,20063068,3400908320,3266869692,171024778,192247385,109937762,1687041560,463362655,3246031,803976831380508673,351942181,3282303163,2893328989,1153910058,396617055,125171112,582494043,745962760840712193,174980721,99256908,1706876556,334446911,3308571914,14483249,529256619,4738509493,2322986196,2994800682,1384684081,186647848,22369314,2219883769,2181769143,278123639,177177552,524405086,115694863,783558192936595456,2471854483,2842068966,504670586,737075095261188096,776416227673518081,1013033460,713012772045348864,121117243,714522762849570816,2299460798,562773398,1574031367,66297785,2397470018,1973686278,96301196,582769131,57169686,106923358,45116366,173096808,321474134,1034540978,2914830498,154152824,93857594,90078908,1588368044,1927123123,1207985966,167959130,75828566,702642855588663296,146320096,1182962166,15197042,165147560,2811434557,111868788,636753909,263694356,237941305,178685274,586380468,977900888,744712467473784832,159386338,269583605,350125392,226517687,546728886,2210034768,743039016,555731239,15888322,17622782,2731520388,1214939851,136544724,14071487,1588912886,277024032,386928380,94772498,271916962,925078362,1185681416,133644433,3876073340,697005636467339264,400186751,789430853516468224,230105403,2479331617,142259228,764454329365344257,416876537,360623475,1672184269,4104111,1331302118,1524514772,217998071,4802615244,82584006,767952136365670400,195409750,895425440,920733390,2153078023,69014764,66601333,1572335857,1331354773,1881786662,981531715,230657584,69876392,89982090,1304664565,117132594,3068161046,246120775,223723022,543416483,580686083,139402255,274533438,2787896394,2278316137,454092313,121840316,114606028,3266868608,103412033,41997628,88934299,4543695072,19516793,820298958593372160,1090641373,2954885077,1233247134,2286184658,5437232,127850518,235865320,3688495640,143395531,2509949550,630993052,806977792449671169,3077147490,295626055,738899638594375680,3768567684,820172655554744324,75789891,68371366,726851210787979264,382672364,277066361,2823648342,1583594232,4122054139,152568882,53534146,7611042,595139186,3089779807,1030487389,526116212,112983529,33466363,337556529,1666176439,293407200,232816019,2332723700,610909079,212522449,301488928,89914545,1640228828,14236392,511311818,88386179,118974500,2371873603,3935308512,820482874101014531,85838124,769080055,75723508,2190383616,302928032,1863750126,2456514618,1704834752,916553269,237774462,129824349,2925139771,5631872,854065868,103045051,95336816,88385720,323079354,1416955460,99065146,323177490,2351195210,2254646966,223410747,257727041,5660332,139164333,99935747,264320265,268215436,3053959400,701508926471168000,2382443257,238144988,25306646,2527587546,212237100,305337902,1369491462,296084373,281257371,3171131006,4213542313,1389378229,1274913919,362507353,739369157066526723,483491356,2457870236,515530852,715840055982555137,1923257508,1326527461,1103443658,3558795492,229780603,3139636165,4192247354,3009421765,3066310974,594376110,146691028,14490029,298596544,1602586898,98154805,109758782,150569759,4688516964,546049690,759036149687984130,582661019,986540341,565141916,742118714280050690,2834939946,177549105,176053446,2750137763,462113084,496227211,170939623,86129051,296227951,3238392042,364322393,35202072,472985752,59111213,66248781,2904052513,1054640846,3692725645,149493467,4768642561,433516270,2498817637,120133218,477375328,2615595660,122305557,128215955,117636146,2363841758,2910284672,313220725,172633862,443554101,745616877473275906,4332995414,375989152,331647240,3970483939,729265190336749569,15982204,947345778,1910610115,3983110578,2468347933,111880950,719668881367937024,714355410933665792,185154117,196108701,126800837,2662515085,554700967,2724019772,77198783,3141678404,777774072,1607484811,178672671,2489355044,164165832,2956051663,125569629,2711712037,12740302,2949640063,86282544,854858016,243554498,1406438696,3257172907,375075859,2237142252,557749727,1840846752,1427652896,2234860657,803090686346076160,113559671,478259294,267542533,95411578,2191464510,3190203914,14731407,2771377226,347739325,477662077,174432016,1343914832,556141639,355467508,1403983866,1550020328,619973341,376848464,767419549973045249,745596723192442883,355600538,46610863,2235323256,115101698,17445709,135844145,2370283988,2951289997,4732173733,420287576,163463985,779236687574511616,745599748736835585,754185677076443136,1209260426,400026244,562085245,4853568190,239747335,124616624,156921608,2658981814,1215189680,119337551,17041744,303036121,2872452860,788774233,780131496,268195377,2300772428,709258447594725376,168471480,51460145,203576003,119375961,722786307106189313,819701467070099457,585767501,1035828998,1582220683,4673443538,212941972,97877512,2816318186,120158285,121948820,527459582,108198353,821378960,247558355,20909451,531428646,582786194,2493043944,4736964470,241946031,2475684354,135466702,487391463,1518429902,73595806,710442757353934848,802966965778137089,164130891,108961569,3246147380,289324309,151214284,2868894564,1711375848,132703607,2431752571,1974810612,779289460332597248,260214785,2589737796,55897052,2539568072,146482503,927643128,472979573,3039334321,3249286836,716450801200136192,1241285960,735066037385715712,742835747372163073,453046221,2176257618,128559255,97778363,120421703,3144616244,1547723784,444716886,1277935184,3059645574,3061307797,805396656552218624,755380822266437632,1633134696,129806087,18468872,300766678,1409334038,3303023372,1680042638,3266835332,357439604,78660259,238551083,2805566264,2257161986,109832030,487385052,355258981,179094450,200565066,1510814017,3092684144,831618696,1973449213,555026658,88103577,3187328923,98891949,57870486,138443914,634392187,1057114693,266777507,2932864364,4686211148,162444870,1427842244,51000475,607048619,789030318569205760,362401254,715525336604155904,173852199,1610344716,123857374,124287961,124670174,1878666397,1016464634,215270961,741257818414534657,256402505,108890771,2455167175,458359698,3147503756,2993903329,2276815316,482754950,1490574733,426462761,448485458,200779552,2519519436,713246295217954818,11503132,78560756,2613340494,495499887,148268248,2476522010,3377241,508982156,193741019,131847523,116399040,829124923,271446959,715163937717690370,1344776983,146764879,3275713920,338640640,3688487773,195746332,423940329,1254107040,72840900,2215425332,361238907,903709178,1558233030,90819024,6386322,569551969,311403483,1685268846,2412513164,232858720,63461143,125950361,90522012,69484065,568672553,196943352,81128999,233827914,939088549,206262618,100532963,154172251,268231129,625533687,228019907,3167639346,30221731,98900031,1116748572,62261018,790016653190803456,717387731505025024,111036691,368996234,605695639,935118805,2420613648,2887582890,126879748,147530052,779509437157429248,507450159,3100773817,163862538,3237977286,287021085,896994926,550742704,3073274168,821550209406672896,4838877684,2933878796,1381911260,83810350,952917517,130870198,1730267449,314596015,2969056416,23043605,730034216340103168,532853902,82900665,2948729269,363441137,2989187624,2280673579,176881179,2177670133,255288999,4655551813,158194458,377443117,1562215802,2962693681,3220161294,560421099,873621247,476324515,1060608565,109146393,107366362,8967432,400720799,2931796370,162287986,1549650422,2781046033,105151440,2903709013,1221853364,110597690,328187070,241870747,2389853970,1217604392,794680998306856960,174831676,44628277,259522430,755787719821758464,2580517280,104103380,66309607,573273070,2301116940,71688342,2937110376,2868987948,287402332,2679930006,730292148554194944,2465862210,200829722,715573470034145280,3190888184,3045517662,2940556627,2539035872,44940172,1413237433,387115487,2680714453,1264224049,443707029,36914160,126421794,127794430,108845767,101987838,131128662,2301058656,3282352093,768743121937051648,172028151,4501201,810567511,1660181240,2947862881,2410796052,749488564975480833,2493888254,2769939930,1574771994,191914761,721648549365059584,310291557,96519178,354036380,65945993,3286108771,728777158768787456,84240596,22360236,781823883372486660,280046719,106249538,156266412,14365306,2810118211,84617104,3061195921,433195700,4706662398,743084460,1376873455,100939741,4924576459,711498075315933184,757793294,3313011139,105022503,3328723975,1671505184,1466285257,3011202535,584337995,4834033657,84863232,1003831422,130486983,2218828255,3021901800,145945568,1318631102,95020329,1693339100,106295294,714295422567600128,3008441022,3309086234,2625938106,113893439,135527624,1013431068,608584291,1474430012,4388891539,246909073,2839083278,90637759,60816628,992328512,2902607143,1447842450,615266918,2773016930,300735474,4822001774,2456535746,3259579002,89599240,179374042,2906161387,2317151762,740091801827053569,1005168349,4310846180,2873487313,2762621886,251533156,766631804983836673,784078036236800000,41787094,2243905819,17331823,2304445310,106680549,129523062,932294724,175241788,2829605666,230387191,716906391202439169,2913747246,3887817390,732446467852513280,142605239,722471991697997824,9801092,1152553026,589998701,208619138,1245697345,163916055,107025767,156257912,4222761972,347775946,327967013,1143806035,2778689418,398653006,16171371,610038386,2417178230,743909917363363840,79169816,749593075194834946,155211167,204365639,334570258,2697828972,98630296,2496511436,1214934704,129205733,1524583459,2475304848,336946621,110354058,145343806,13001522,786901818,2391166176,7622742,188371273,113393929,716895575791173632,990893935,1962030606,2340323264,398759235,1350742926,2367230214,2973629868,162368053,490054809,110096249,5135831,610090192,3684197498,4673198768,554281984,758889551448330240,68991795,2880794623,124360035,469319791,2454273270,118714827,99073001,766870725093318656,1103496770,496792736,1251554004,56301225,64911650,2800789326,2564287213,765179539836194816,2684439757,106359350,2297798923,778243604250636288,42040834,1652267504,1948723693,287495267
3020332068,36914160,93291481,1221853364,166053929,14514082,2167589748,3030295600,3401711,983785309,118974500,4325708541,1369359684,328530559,3125955115,63226619,167931263,120094779,125536842,113697022,30011055,425057562,111134927,76891783,25043006,1588368044,2186295889,69014764,749615430172422144,71258446,3124329918,60944774,1474430012,381959665,104243106,1030487389,177549105,213236608,1427449448,953284290,204365639,5161091,433195700,278927574,274533438,14283262,110597690,1913156420,2893641422,1572909170,516979197,93354555,774201673,15197042,140957446,241518702,110705458,105781620,770098698634268673,186647848,2396823888,4104111,129523062,412165402,3274075003,6257722,99065146,2893328989,98031440,2338020751,234774295,582769131,3139042921,1412666898,66309607,3384291554,68991795,277946972,116710761,2766156750,2752933818,64361064,760491082178191361,3187970742,3149412728,773067479354515456,1474305824,145343806,14884333,351942181,2719548182,469880413,2265895489,1530835099,161326433,107042980,697414274856005633,1659367154,2384525437,614065373,1367429958,768108571682705409,2195101268,109937762,4838877684,1185681416,2423813221,133539790,18115386,3947332213,119044678,300735474,4830205428,125171112,415375895,2810118211,715840055982555137,138462788,379382447,111880950,3010374446,424072883,55143079,2263777033,469090831,428288293,5532582,12740302,744181377327763456,981531715,1903582759,278123639,1572335857,69001921,293845553,2258866224,350125392,113893439,68956393,1143806035,543416483,269907583,1384684081,221302426,79169816,1171293552,136544724,728231076682850304,14483249,122305557,174980721,77898979,759771283504570368,784241862789832705,2842190244,1633134696,803976831380508673,202545812,185112212,1588912886,1427842244,20063068,93247238,4468236687,3323015893,726758020793782272,3282303163,2909429360,3148930538,529256619,1687041560,1013033460,1214939851,776416227673518081,80592630,126800837,2527587546,364322393,582494043,723144393725616132,729225518084558848,257727041,2219883769,179094450,1090641373,178685274,472979573,3299338112,378552499,920733390,1274187872,1450607336,140021552,1274106468,177177552,93857594,264306746,3273648612,235865320,729636779783917571,2721744336,57169686,103819109,3031924725,737075095261188096,474043610,4791858805,83156849,121117243,135527624,217998071,4738509493,125569629,1706876556,109445002,101987838,735066037385715712,1680042638,96301196,84772409,82584006,2299460798,255342023,362401254,2397470018,142259228,1628340337,154152824,2181769143,1207985966,2210034768,237941305,2953712178,101741110,66297785,977900888,360623475,180195399,4673443538,142880137,480922258,1034540978,1524514772,45116366,586380468,467970267,14071487,121840316,173380909,106923358,702642855588663296,126421794,167959130,555731239,7622742,4543695072,2811434557,111868788,230800647,744712467473784832,311403483,1492769724,15888322,2286184658,764454329365344257,15982204,264627362,135795159,17622782,2407596964,2833050776,925078362,546728886,358769277,127850518,2459191225,386928380,3227671838,400186751,305337902,165147560,636753909,210404823,1461983466,3876073340,4797670454,19445294,810904522285400064,162368053,313220725,59111213,2589021998,109519099,416876537,2197954712,3068161046,271916962,562773398,269583605,223723022,230105403,68371366,275605379,2954885077,771468657402650624,89982090,1574874913,281257371,2862501254,416896382,312523703,167728298,594376110,1304664565,76223034,76930558,783558192936595456,69876392,916553269,154504848,3739847609,2509949550,3033682580,35202072,5707612,7611042,246120775,103412033,589998701,1233247134,741257818414534657,707636043562901504,295626055,2787896394,1451665674,66601333,2744126239,723934291,141610735,337556529,927643128,2153078023,1974810612,143395531,88934299,289403800,349977903,702795979355914240,2278316137,139164333,136320747,2390544624,277983045,128796794,833881897,78560756,1583594232,196108701,117930469,1343914832,220942976,3615628399,112983529,526116212,267542533,108198353,718064547291004930,3053959400,1015239524,595139186,3116344153,2565480336,1089900919,742118714280050690,2993903329,46610863,301488928,162391882,820482874101014531,399372676,195409750,715573470034145280,806977792449671169,1103443658,2332723700,160111545,70675887,220260419,63461143,3688495640,15721090,1863750126,223410747,164289791,3139636165,95336816,487385052,156921608,2886508232,14490029,232717809,1704834752,226517687,268231129,738899638594375680,152568882,814219520487231488,84863232,732415501100417025,277024032,4713822913,2455978724,361238907,128215955,134752598,232816019,829355522,224990450,3390550393,17041744,2322986196,5524732,86129051,3061307797,114606028,1923257508,1326527461,172633862,331647240,3558795492,268215436,355600538,2994800682,370956885,139402255,45951577,4388891539,302928032,732938444532391937,1389378229,125644441,1962030606,47908556,1640228828,454092313,85838124,99935747,744495571566661634,1693339100,5631872,142605239,805396656552218624,83792969,176053446,759036149687984130,1274913919,109758782,3034388359,264320265,3145921000,2493043944,296227951,777774072,582661019,3635949324,557749727,239026970,53328718,3238392042,2191464510,793384641637908481,811229771220721664,1331302118,472985752,3171131006,4882146885,67271804,4822001774,477662077,820298958593372160,477375328,362507353,443707029,443554101,790016653190803456,170939623,504270022,1910610115,935118805,427093744,115101698,1548029071,5660332,1647047724,511311818,896994926,1445766517,400549470,2711712037,3313300826,1329547237,565141916,69484065,779967340595122177,14731407,2750137763,120489098,701508926471168000,2771377226,287021085,3045517662,745616877473275906,2876664235,729265190336749569,2468347933,1672184269,947345778,4831391,3257172907,51460145,504670586,2858688673,487237889,3020350106,780131496,2904052513,3726471554,131847523,1840846752,347739325,1579714544,1427652896,280046719,97877512,76037704,229849539,3232391395,77198783,4122054139,761176796108763136,86282544,2956051663,2237142252,952917517,3141678404,515530852,112366410,2662515085,200565066,3245068897,2615595660,3286108771,462113084,490054809,320108889,3983110578,2556638042,619973341,2447077172,164165832,174432016,803090686346076160,4732173733,95899796,4507606153,2951289997,4726338518,17445709,433516270,2343754692,14593489,272493866,854065868,2185507464,113559671,3165537912,213652446,788774233,1054640846,1550020328,2930343836,65945993,4880602673,448485458,2931249776,716906391202439169,2519519436,1209260426,277066361,2363841758,3247492172,1403983866,127438233,355467508,142597326,50344473,51000475,709258447594725376,828337118,3309086234,181613766,120158285,2465862210,203576003,119375961,527459582,1381911260,3224848008,2591882168,770702994,745596723192442883,405313158,90078908,736924205275484162,754185677076443136,239747335,104103380,1166418067,108845767,1277935184,592526348,758756132,244348020,508913466,241946031,303036121,402615426,912037436,819701467070099457,458359698,1973686278,1243501165,2234860657,1025942498,4736964470,143668234,268195377,2679930006,260103302,400026244,168471480,225306926,2402677115,1607484811,3188934348,83810350,3259579002,90522012,737975587,3246147380,867423907,212941972,105408701,120133218,2214284466,1396874545,3823047554,1711375848,65118116,767419549973045249,3092684144,8967432,585767501,3182802762,1309929175,2776000849,11503132,289324309,2658981814,1035828998,3187328923,20909451,120421703,2176257618,3259133840,146800457,716450801200136192,229780603,271446959,4310846180,4465169900,2935354328,566327775,228019907,84617104,3059645574,151214284,135466702,582786194,1683095282,157163299,444716886,815897614478495745,1241285960,1420919810,3018372985,697005636467339264,155211167,3266869692,1199621377,55897052,59741663,363441137,232858720,162444870,67491027,745335092,799750525,149946725,260214785,138443914,810567511,983840352,276939487,495499887,770290691809304577,608584291,573273070,1547723784,244934953,128559255,548168817,134776591,1490574733,73595806,747798407733874689,742835747372163073,3021901800,2979301238,2816318186,266777507,84634164,3688487773,592797308,1610344716,1254107040,212237100,119332787,1721569584,173096808,300766678,2420613648,256402505,3029135182,86536807,3303023372,196065322,779509437157429248,200829722,196499771,97778363,4924576459,2778689418,2805566264,610939009,722471991697997824,1927123123,779236687574511616,178672671,2554264172,1331354773,6386322,173852199,52876801,89599240,2337272023,1647738492,17058687,2257161986,14204588,2493888254,200823909,2773016930,1878666397,2989187624,238551083,88103577,1368492708,536124258,2605699718,44940172,382672364,1214934704,2937110376,376848464,107220190,176002709,280092340,480180905,105829199,1413237433,103045051,1251554004,3190203914,3377241,4713535933,2370283988,3737409498,240698532,44628277,81128999,4213542313,607048619,3182466757,487386640,603575297,1245697345,793458037423874048,2317011618,111036691,195746332,1196793104,755380822266437632,476324515,508982156,2680714453,287402332,2605597950,110713599,154172251,2950967768,241870747,1116748572,3249286836,72019618,1524583459,251533156,94772498,2594651228,1344776983,423940329,215270961,1733872003,72840900,717387731505025024,78660259,1217604392,817489500,1016464634,115694863,4768642561,730034216340103168,1152553026,382732869,362414323,2215425332,129824349,903709178,854858016,355258981,2417112420,1242531530,721648549365059584,562085245,124670174,576051950,2402339690,2947862881,5135831,196943352,101057064,821550209406672896,109146393,3167639346,206262618,95020329,1400127397,172028151,98891949,537971182,154496537,2165954418,4332995414,3692725645,314596015,207071154,764148432,3935308512,2887582890,135412064,234755004,125950361,60816628,601884446,605695639,781823883372486660,271911626,1459753092,2989629945,582994919,22369314,9801092,2190627913,41702426,346593752,174831676,207588434,126869577,1453453153,3237977286,4911411764,266497511,571216032,768743121937051648,198878894,1948804807,3145868815,2969056416,2426002860,787047858742505472,1319610176,3493408212,450620220,2280673579,2759083950,146691028,3180022620,3100773817,3683058734,140839919,1730267449,71688342,106295294,711498075315933184,2539035872,1144654094,2386251739,345654398,33466363,939088549,130870198,1394475098,2914830498,179561709,211814797,830413730,713012772045348864,1562215802,2814601164,126879748,178739064,1011315967,2705492695,1245146268,374549669,560421099,529566623,121948820,2254646966,100389301,116399040,2940556627,1655629962,2931796370,1564034304,108925802,387115487,108961569,481665043,40579647,5573352,162287986,821378960,177129308,753560426722435073,769080055,3270889189,4655551813,1476836766,411244259,400720799,165955816,1350742926,88400057,100735582,96519178,537824905,550742704,354036380,2834939946,766631804983836673,22360236,1929743694,159088067,1729258040,310291557,105022503,251632488,2347689498,3144616244,308377922,25784387,99256908,151354701,131128662,1651539458,4190656458,418305249,2464573315,1671505184
1104890078,166053929,2258866224,14514082,1640716315,2167589748,102012206,1542832218,208619138,113697022,328530559,1369359684,63226619,4831391,135527624,120094779,177177552,30011055,320108889,425057562,101987838,36914160,25043006,267649186,215270961,1563001489,76891783,1588368044,2528401320,3165942768,5161091,111134927,1427449448,3124329918,155121947,2186295889,810904522285400064,355258981,2999619314,112983529,105546083,196499771,49116473,241518702,2303984232,69014764,6257722,117813974,953284290,2642522798,2750137763,3100773817,213236608,71258446,362401254,2949640063,3274075003,115101698,412165402,5532582,140957446,65118116,1913156420,105781620,108600121,1896337909,86129051,3249286836,164289791,2752933818,2258826019,343988604,1570060202,2893641422,536124258,98031440,61509016,93354555,101741110,3688495640,2679930006,444230928,104243106,163862538,3314304444,278927574,1729258040,507450159,15197042,488224410,2589737796,2527587546,64361064,14283262,2384525437,107042980,1474430012,2338020751,2423813221,467970267,566327775,59111213,69001921,3187328923,1647738492,4779249638,1412666898,185166711,351942181,277946972,3050035860,350125392,2407596964,768108571682705409,7622742,426462761,4830205428,1721569584,106923358,4882146885,415375895,1171293552,4468236687,757867969200304128,490054809,4673443538,1627484790,110705458,1559952566,2190627913,122305557,186647848,3947332213,317678247,3116344153,281257371,40820428,119491689,1016464634,125171112,278123639,16979586,2263777033,1572335857,3279101761,2354314766,803976831380508673,110597690,113676702,136544724,3208854919,55143079,731704095581470720,1384684081,165147560,428288293,3313011139,1199621377,77898979,12740302,770290691809304577,116152989,2363841758,453046221,3282303163,1013033460,433195700,4738509493,221302426,164670171,2210034768,235865320,4190656458,381475602,3182466757,1329547237,592797308,854858016,111880950,1469835133,2195101268,529256619,118974500,15982204,174980721,4104111,2595652075,936338731,3323015893,776416227673518081,119044678,20063068,582769131,364322393,738625392756416512,154914770,82584006,15888322,121117243,2918770074,192846775,313836738,717646747,543416483,279995344,702642855588663296,217998071,4543695072,1233247134,1381911260,113746111,2219883769,2169474756,76930558,113893439,434597746,16412925,1394168604,125569629,1333385599,3604193174,3122227141,154764097,7611042,744712467473784832,1090641373,346593752,474043610,1687041560,178685274,154152824,129824349,2263635158,381391481,2909429360,481821798,1706876556,582494043,57169686,2842190244,382732869,360623475,2299460798,1449454507,75723508,14483249,375989152,981531715,173852199,854065868,737075095261188096,237941305,976523503,162444870,147961646,145993840,1524514772,2514846540,271916962,4924576459,207071154,1196793104,2986115947,925078362,481824635,375075859,2181769143,203032385,715840055982555137,46610863,295626055,2744126239,2605597950,2589021998,1034540978,3679171938,1214939851,142259228,96301196,1558240716,87963363,2397470018,142880137,790889099448115200,977900888,433516270,121840316,2811434557,178739064,129484366,1207985966,739369157066526723,707407278278709248,2301058656,296227951,2286184658,586380468,2383019011,271911626,97877512,618595378,3007915002,2278316137,14071487,232478222,76037704,160151033,764454329365344257,546728886,2509949550,2787896394,176731145,127850518,311403483,376819743,1103120660,2838098606,1570557834,66297785,120666528,14800072,301488928,61615918,42636734,807763070432866305,625533687,92765772,111868788,99935747,3876073340,89982090,274533438,2351445932,56100703,779236687574511616,2893328989,555731239,2954885077,1923257508,138462788,126421794,386928380,2356542222,257727041,17622782,721648549365059584,1330705052,110748603,3068161046,710055717177204736,230105403,45116366,111036691,400186751,789030318569205760,1319610176,636753909,246120775,260270202,120387992,223723022,35202072,89385160,920733390,100389301,196108701,3272376428,1588912886,1234938168,128745563,2320594614,109937762,2538673880,416876537,1319479705,2997349466,802065806,816811554335096832,69876392,181613766,729636779783917571,2662515085,370956885,614065373,1221853364,179094450,487385052,228019907,2993903329,1304664565,337556529,2343754692,68371366,287021085,1389378229,4027691,759036149687984130,867423907,594376110,1583594232,2475646328,1030487389,255578954,95336816,2150792004,269583605,287402332,2489894508,280046719,179561709,508913466,947345778,347739325,1217604392,2376778740,1863750126,1974810612,1274761741,141972571,1153016664,3935308512,103412033,232816019,172633862,2153078023,3315835183,526116212,128215955,3061307797,59417367,388369087,3066310974,277024032,2951289997,1394475098,4659071666,582661019,595139186,536937457,3010374446,176053446,740564585199992832,108198353,2810118211,139164333,177549105,1610344716,716906391202439169,176693696,551091308,984962076,123786839,167959130,1103443658,64497898,2993218998,88934299,71936308,2332723700,820482874101014531,250016546,143334718,1209260426,2840853390,3067135940,1005168349,234755004,50237104,806977792449671169,1052096665,3081038653,2994800682,3157147598,79169816,781398239702503424,3139636165,143395531,1343914832,55112346,2464573315,4901410878,44628277,17041744,11637282,2277481662,143638805,144816119,799750525,2814601164,268215436,2232883778,565141916,438356194,88103577,178672671,3238392042,783558192936595456,66601333,302928032,88400057,2969003538,738899638594375680,763282227597750272,3758190073,3246031,300783266,2197954712,125598335,709970204261027842,1331302118,487233268,780131496,361590259,223410747,1704834752,2436963668,2493043944,3182802762,487367522,3092684144,2773016930,2591882168,524778224,2711712037,362507353,5631872,312523703,2322986196,96519178,96490774,916553269,1245697345,167728298,4388891539,483474409,745335092,152568882,195409750,3171131006,174432016,472985752,2468347933,108925802,124287961,504670586,3489658214,562773398,327967013,799066484358070272,313837976,370051505,3053959400,742118714280050690,1427842244,777774072,331647240,156921608,777383852952031232,96295896,757793294,200829722,1958797993,477662077,3257172907,99065146,443554101,2675768354,3259133840,454092313,51460145,2191464510,1016354442,1326527461,2620233656,3558795492,203576003,170939623,264320265,1274913919,305337902,1922921581,182242710,2154806676,14569397,805396656552218624,2897085764,1640228828,114606028,745616877473275906,619973341,1910610115,477375328,2237142252,1651539458,550742704,313220725,780297702827405312,1840846752,4768642561,347685856,4501201,1680042638,86282544,935118805,271446959,803090686346076160,267542533,83810350,1403983866,2715665521,729265190336749569,176634709,137011868,3289614930,812947349534162944,448485458,495499887,2615595660,4310846180,2771377226,3983110578,232790891,2816318186,119337551,1427652896,4732173733,1420919810,10546852,1025942498,163777461,458359698,1277935184,709258447594725376,98891949,3141678404,239747335,1490001877,132404336,14731407,260251167,1000772838,2904052513,77198783,2956051663,483491356,1672184269,2465862210,788774233,126869577,163041111,757839197390503936,5660332,697005636467339264,755380822266437632,120158285,139402255,732938444532391937,422471138,1633134696,819701467070099457,3401711,472979573,3188934348,779509437157429248,820298958593372160,119375961,95423452,18603165,287025479,293909386,511311818,706845313156259840,2370283988,400026244,2912719910,779335213,264627362,4009612512,164165832,753083036728717312,1315643804,125950361,229780603,355467508,148268248,2243990906,607048619,2604611660,152530102,1386019038,60125030,527459582,2658981814,763910589903048705,3274658347,745596723192442883,1550020328,3415130592,113559671,66309607,739006182455529472,99483723,2947813885,744931237,829355522,206262618,585767501,50332170,44940172,303036121,212941972,2176257618,754185677076443136,3228138577,462113084,21478350,1054640846,515530852,4686011611,2368837812,1331354773,322532317,401767312,2995621339,200565066,2495658756,4736964470,90522012,2805566264,3188636516,1922719921,168554312,14204588,927643128,22269231,1615074300,85838124,289324309,1901893176,268195377,2908858183,232858720,747681778626887680,2880648721,476324515,140417249,803251242,20909451,138349469,1693339100,1035828998,3062607114,1711375848,2429820356,557749727,1557214531,2854251504,4974361,120417286,771411886239846400,1607484811,439926309,1226635238,383707910,51000475,1671505184,967692247,256402505,716450801200136192,516979197,1582220683,5573352,195746332,573273070,300684112,4212353053,3059645574,562085245,3303023372,2481737030,316449536,3266869692,3021901800,45951577,84863232,2840823433,3252399468,6386322,120421703,2876664235,106295294,6525302,469889417,376848464,824358038,741257818414534657,2932864364,138443914,1490574733,444716886,2156935472,595525996,2234860657,97778363,129793458,2989187624,151214284,2257161986,55897052,1413237433,72840900,1241285960,715573470034145280,240159914,1254107040,135466702,2916628314,300766678,236948768,363441137,266777507,2376555253,2214284466,128559255,62488150,75828566,3688487773,742835747372163073,104507727,18115386,168471480,767419549973045249,1116748572,3226668380,1733872003,333986096,202545812,766631804983836673,1356414966,3737409498,176686492,582786194,124782164,78941164,260214785,1547723784,1474305824,73595806,469090831,89599240,1927123123,423940329,131847523,228270731,537971182,220942976,427093744,96784888,741993388073844736,2680714453,136854433,71688342,1878666397,78560756,150203938,2490690866,2833050776,93291481,2719592011,2493888254,2937110376,2940556627,140839919,939088549,793384641637908481,400720799,514145505,1121806164,3309086234,3286108771,63461143,2947862881,3045517662,799759126989447169,69484065,274876349,105829199,92793928,126879748,172028151,102710639,4556832800,154172251,251533156,758903930646429696,393421706,2199625903,2390544624,2421654632,125644441,94529428,4332995414,238551083,8967432,2705492695,84634164,508982156,711498075315933184,3167639346,275605379,268231129,300735474,730034216340103168,2280673579,834376005980610561,717387731505025024,1324490570,244348020,338640640,3145868815,1562215802,1344776983,2803300472,1582593170,736808744227479552,12286282,123929049,608584291,769080055,736924205275484162,903709178,242690506,196943352,60816628,2215425332,5680382,1350742926,100378724,11503132,50344473,4821154994,2969056416,1874866345,293407200,3268018452,3501948132,105022503,387115487,2519519436,821550209406672896,440692431,2556638042,773539886997667841,5135831,109758782,241870747,781823883372486660,971435947,2151176886,314596015,3259579002,711778833574154240,111464118,124670174,33466363,2254646966,2412513164,726758020793782272,115694863,2243936120,159088067,2539035872,377443117,171024778,2887582890,605695639,174831676,9801092,2928258564,2476725306,549195296,3237977286,2721744336,1730267449,1319936418,224171470,22360236,1538532888,2931796370,210658421,2262071946,183181133,3294989934,131128662,175241788,220260419,1103496770,281588490,1948723693,84617104
166053929,14514082,130736133,2258866224,2167589748,84863232,113697022,854065868,240247935,463362655,1369359684,474043610,328530559,164579516,63226619,120094779,425057562,125010416,25043006,159212067,30011055,2458238965,76891783,1427449448,79169816,378552499,777774072,3139564104,3124329918,6057882,108925802,953284290,3688495640,182286546,5161091,4895119801,2186295889,241518702,806977792449671169,412165402,249023475,139599342,1588368044,111134927,362401254,6257722,3274075003,1329547237,2752933818,363441137,433516270,408255485,213236608,278927574,3268635361,124616624,71258446,140957446,1913156420,105781620,2527587546,98031440,362486249,69014764,1346916284,321897940,2423813221,1412666898,142880137,351942181,100491853,355467508,2893641422,799759126989447169,255483495,631695066,1860651187,2338020751,278123639,1029788143,107042980,4556832800,93354555,14283262,2384525437,15197042,277946972,69001921,140361652,77898979,508913466,415375895,140839919,1721569584,64361064,350125392,768108571682705409,4830205428,104243106,3194356195,529256619,122305557,957357336,4468236687,2210034768,2750137763,223913838,165147560,1076426167,1171293552,803976831380508673,3194883110,105408701,3947332213,3060702871,2601900296,95336816,2263777033,4673443538,106923358,86714891,131727307,125171112,174980721,3107801498,1319479705,108499170,467970267,2468347933,80518531,1384684081,123786839,1474430012,2219883769,3282303163,55143079,11595102,782552527245971456,247558355,70831232,196065322,1828719061,776416227673518081,221302426,2363841758,5680382,1572335857,1199621377,109937762,95411578,64978992,4104111,217998071,381391481,2376778740,2379690722,18115386,793676027641917444,1233247134,894582775,99666183,414731801,355258981,15982204,2322986196,2407596964,108581537,76930558,355600538,707636043562901504,1316198353,418305249,532853902,604419012,177177552,2232883778,364322393,110705458,15888322,1319610176,134776591,1013033460,235865320,3313011139,12740302,305337902,90078908,2887908324,2181769143,82584006,723934291,264627362,148268248,1476368089,20063068,121117243,702642855588663296,2299460798,296227951,925078362,744712467473784832,154152824,136544724,614065373,2909429360,531428646,203032385,1090641373,2971315033,81630702,178685274,711386338314964993,1214939851,582494043,1687041560,504670586,186144449,57169686,428288293,3323015893,75723508,119044678,2300772428,2436963668,14071487,2724019772,281257371,360623475,434597746,125644441,312523703,1155373262,2811434557,607048619,2286184658,127438233,1394168604,4738509493,4686011611,511292542,802796128978599937,237941305,4543695072,1706876556,2605597950,395607073,1524514772,138751887,737075095261188096,240159914,2195101268,2397470018,158712858,370956885,46610863,196108701,1034540978,110597690,636219861,582769131,2728884756,3021325016,977900888,726851210787979264,2415212833,89982090,96301196,2509949550,1028603990,586380468,1638918673,142259228,1207985966,543416483,121840316,3600718513,2604611660,433195700,2296380523,14483249,981531715,3935308512,285508846,448485458,130750298,3876073340,119332787,113893439,2376555253,3122227141,428436774,111880950,2829882722,1196793104,45116366,546728886,2886459654,3231258403,1351057507,2916453350,2278316137,99935747,1610584682,2954885077,162339507,375508029,157163299,163041111,295626055,3165942768,392740669,764454329365344257,2787896394,487233268,17622782,181613766,111868788,127850518,386928380,7611042,801122563225055232,135527624,1923257508,2514846540,210404823,332187159,1640716315,223723022,287021085,274533438,760073383476199424,1672184269,186647848,1030487389,69876392,44940172,1185681416,3068161046,553466099,2464573315,150569759,2880648721,78660259,400186751,135024885,716906391202439169,140417249,550742704,99120914,246120775,867423907,555731239,1304664565,1103443658,179094450,594376110,230105403,1423260744,786522855785631744,66297785,119207660,3171131006,35202072,1368492708,54852268,100378724,59111213,779236687574511616,2876664235,2842190244,146800179,374299687,582661019,416876537,130486983,200468750,636753909,311403483,1215189680,419348532,592797308,2896024994,820298958593372160,399567181,3069923970,271916962,3245862577,1209260426,4768642561,139164333,715840055982555137,119531274,2851459411,2525250656,277024032,194523471,300783266,445958544,110748603,916553269,1389378229,337556529,754770708,2662515085,234755004,66601333,1583594232,131847523,770290691809304577,3109619280,820482874101014531,3061307797,1245697345,179059903,200829722,472985752,4290745992,111036691,120387992,176053446,1381911260,1420919810,129999273,3848367018,280046719,1297437864,112983529,759036149687984130,172633862,487385052,4078875493,17041744,740848638944006144,2229758856,526116212,729265190336749569,232816019,2941236042,112676425,1863750126,2371870938,797264404731432960,595139186,22369314,103412033,2994800682,3259133840,757716155817615360,1718002796,801013732943937536,68371366,4027691,269583605,480202138,562773398,162444870,108198353,1570917612,1574390208,2263635158,719171031039016960,4452063374,634392187,41787094,565141916,2993903329,2332723700,243554498,1343914832,4272393088,1170478675,947345778,2288868284,2615595660,920733390,268215436,243933223,302928032,332549338,73861764,2427209972,276939487,143395531,254515182,177549105,2948034020,279995344,3304139304,2153078023,4501201,2789243406,1582593170,14569397,128215955,2210068280,2979440563,4888081354,546632339,1610344716,546861803,3139636165,88934299,126869577,3238392042,1331302118,608584291,88103577,1021642374,267045302,721648549365059584,257727041,264320265,3257172907,744308421298528256,3092684144,1704834752,120133218,422471138,761293692,738899638594375680,115101698,3022801304,2711712037,2446998234,370051505,2744126239,2438039900,108600121,4824092061,3304893590,223410747,1036891830,1451665674,303895699,443554101,125569629,44628277,3334601832,2600525214,3614343854,1184455880,86282544,1250752274,780131496,140421820,4686042043,3256339280,347739325,579783172,1547723784,14205810,3182466757,1633134696,1331354773,174432016,745616877473275906,61615918,1974810612,362507353,93857594,3315835183,561042124,483820417,5631872,152568882,2493043944,2191464510,316449536,76037704,1356414966,99065146,750603419241504768,167959130,203576003,331647240,215270961,2903709013,2773016930,221421867,287402332,2459609551,3998911995,477662077,264543313,729636779783917571,95423452,191868738,1690743270,215602305,11637282,1607484811,158584247,896994926,454092313,400720799,1221853364,88400057,345654398,3189365473,33466363,2219233890,228869032,4982241,51460145,2237142252,1875809329,1274913919,823062821789319168,757867969200304128,781398239702503424,1326527461,705362100210651137,713632595326599168,178739064,703092285685149697,212237100,4732173733,3558795492,2904052513,551091308,170939623,126879748,477375328,314596015,758756132,387115487,1962030606,4713822913,619973341,119375961,1178699515,114606028,313220725,1910610115,1840846752,173726630,805396656552218624,1640228828,49116473,149445188,109111349,783558192936595456,368996234,16069066,495499887,176731145,3053959400,195409750,708994110678388736,3983110578,348512679,1881786662,619915776,483491356,156921608,2997349466,1403983866,935118805,3248700662,803090686346076160,397671438,239747335,495015238,714522762849570816,525392365,4658851008,800227943075037184,4146479612,271446959,722471991697997824,2951289997,2181805320,1510814017,732938444532391937,2465862210,490054809,707195219251318784,802595731,109758782,16979586,742118714280050690,1427842244,5660332,2816318186,120158285,14365306,432145272,2771377226,77511733,83810350,1001410644,344005967,147887685,491292208,2810118211,1023178586,601548919,179374042,1427652896,3071354359,11588872,458359698,5573352,78560756,750177026552631297,376848464,3309086234,709258447594725376,1680042638,229780603,77198783,14731407,788774233,3119545434,1025942498,472979573,211800955,51000475,239026970,380874225,148750065,2591632422,2956051663,136546077,4882146885,710034011150651392,697005636467339264,1050884977,585767501,267542533,1550020328,524778224,121483728,335270348,1617260358,297268031,261589287,1277935184,3659975486,23043605,1878666397,3141678404,458189712,2234860657,154504848,819701467070099457,2383019011,377443117,2852621401,277983045,97877512,779509437157429248,2343754692,2386251739,20909451,93291481,164165832,729573631764762624,527459582,118320082,964113355,1733872003,400026244,1651539458,303036121,112448985,100912201,717387731505025024,927643128,146482503,3045517662,939088549,784241862789832705,1413237433,710055717177204736,125950361,745596723192442883,1671505184,2270217308,755380822266437632,3187328923,754185677076443136,113559671,4736964470,4467905955,90522012,2658981814,3030157394,2243234442,220209716,2199625903,98891949,71567394,139402255,2176257618,111464118,332902064,11503132,793721890665668608,289324309,268195377,232858720,55897052,511311818,1490574733,126249409,2370283988,2805566264,793692179470258176,97778363,301488928,1711375848,2402339690,3010374446,333386547,200565066,462113084,313714644,515530852,264742197,3021901800,706321454837567488,353655676,4892745408,133058561,2953274317,275441071,253463308,2172527923,1035828998,786529720410054657,150203938,2495658756,4611092467,1088016349,126421794,2304445310,195746332,256402505,6386322,2265895489,3059645574,573273070,557749727,327967013,4310846180,1254107040,168122871,444716886,123363104,120417286,716450801200136192,154764097,17922034,120421703,72840900,427093744,100389301,145993840,100939741,741257818414534657,173852199,726446347113525249,138443914,536124258,810904522285400064,89599240,106295294,3266869692,766631804983836673,151214284,1054640846,2257161986,2814601164,47908556,213652446,785083170802708480,2781046033,1649809356,212941972,2536397517,476324515,3145868815,2197954712,3286002368,300766678,2930886625,170502934,104507727,266777507,271839853,101332395,3303023372,1241285960,2589021998,2680714453,2989187624,1927123123,3313864813,3043419806,742835747372163073,128559255,4782826418,135466702,96519178,32957380,808669296096251906,60816628,3688487773,3182802762,951568081,1276579386,747403832464801792,3848248753,3100773817,374990637,482773962,3188934348,1030474188,2524709863,117132594,85838124,2556013612,89914545,260214785,223131359,4332995414,423940329,582786194,73595806,1116748572,1217604392,1647738492,71688342,78577879,568672553,2937110376,2493888254,1080984014,815897614478495745,63461143,2940556627,767419549973045249,130822837,310291557,109832030,168471480,2215425332,2738962363,3737409498,487389327,2947862881,178672671,482754950,172028151,562085245,251533156,99256908,154172251,69484065,109519099,238551083,2862501254,3167639346,2280673579,20480944,508982156,129249559,1693339100,1562215802,711498075315933184,143668234,730034216340103168,1366995445,807544119438344193,1344776983,1350742926,816811554335096832,268231129,2214284466,712077694586859520,536103492,2277481662,4924576459,903709178,2359432340,151277224,589998701,196943352,142520853,829355522,2909126971,300735474,2969056416,129824349,3077147490,385325864,3237977286,114966360,129026670
719668881367937024,278927574,2718480864,166053929,2279876474,3210093498,14514082,2258866224,98900031,2175880434,2167589748,113940659,328530559,269380972,400149650,938701730,1628086310,5707612,113697022,150635326,267161682,1369359684,63226619,120094779,25043006,487389327,425057562,1462827506,3147503756,631860633,1427449448,76891783,3124329918,110138953,802966965778137089,3688495640,953284290,30011055,2186295889,241518702,44628277,5161091,412165402,1588368044,3274075003,6257722,549195296,349977903,2565480336,2675768354,3289614930,4882146885,2752933818,213236608,111134927,3208854919,496792736,2350371589,15197042,1438477916,140957446,2221260234,91828929,107042980,376848464,105781620,1851382782,4104111,1913156420,1088016349,749593075194834946,3016258638,3043419806,739006182455529472,98031440,1412666898,744181377327763456,2461133713,225824179,71258446,1250752274,2527587546,2893328989,2338020751,351942181,278123639,2384525437,2893641422,2180394756,90819024,716566865493958659,3246438852,60250728,895629588,2423813221,255000007,1451665674,2894668706,415375895,69014764,277946972,93354555,64361064,104103380,69001921,165147560,89599240,14283262,438259292,84863232,529256619,350125392,768108571682705409,77898979,88934299,4830205428,3947332213,110705458,2876664235,761093938690207744,174980721,508913466,76930558,4888167033,2689160431,122305557,111464118,3031523547,275817567,2210034768,2246842249,125171112,4468236687,1171293552,2263777033,301488928,1729258040,3228930301,168122871,2951289997,223071728,89914545,3015929022,243536785,803976831380508673,4673443538,1384684081,2219883769,189136297,106923358,55143079,160151033,109937762,104243106,3282303163,2363841758,221302426,776416227673518081,240709714,260270202,126869577,4543695072,20522410,1447842450,744712467473784832,2916453350,129824349,2299460798,59741663,119491689,947781007,39714087,1572335857,1013033460,105829199,467970267,364322393,383707910,15888322,1207985966,388462005,15982204,1557214531,1721569584,235865320,2428887318,4880994851,159212067,45116366,1632868171,2181769143,177177552,1489266498,702642855588663296,271911626,95411578,1474430012,113676702,61615918,121117243,82584006,217998071,1297332128,1248105421,800544327269134336,296227951,154152824,20063068,3119545434,793676027641917444,3012583009,60811619,1090641373,4713336697,1233247134,178685274,925078362,57169686,599756781,12740302,582494043,109146393,1687041560,2909429360,14071487,360623475,2811434557,1011315967,1243501165,2286184658,237941305,170939623,79169816,56301225,1524514772,2787896394,1199621377,2397470018,1034540978,1016354442,43530343,109758782,1356388441,200935830,1368492708,2173901083,977900888,1297043768,1130542370,2949640063,777383852952031232,4738509493,737075095261188096,109111349,177549105,136544724,89982090,2954885077,119044678,91545656,1680109064,378552499,121840316,983785309,3323015893,2415212833,200565066,1923001070,46610863,1364278231,96301196,1214939851,59111213,123057317,142259228,428288293,2509949550,87198273,69876392,586380468,1058063802,386928380,3876073340,4686042043,2297798923,120603339,281257371,546728886,115101698,2407596964,1582220683,2195101268,867423907,3303023372,99935747,820482874101014531,729265190336749569,111868788,196499771,104192865,138927140,1706876556,3998911995,582769131,1304664565,132955442,368996234,17622782,106359350,592797308,764454329365344257,528961416,1264224049,540045117,1025942498,783916695920320512,274533438,181613766,41997628,562773398,1923257508,885045926,186647848,72462374,320108889,3165537912,433195700,240159914,418305249,2785181173,723934291,223723022,7611042,312523703,2278316137,2914662066,1610344716,1389378229,261562721,230105403,1013431068,2810118211,2710432315,981531715,1022365458,801122563225055232,1220390420,810904522285400064,110597690,127850518,831618696,14483249,472985752,582661019,2806736935,135527624,820298958593372160,2853975558,196108701,172633862,1550020328,543416483,27829621,146800457,3068161046,400186751,300684112,210793293,246120775,295531868,1329547237,109832030,157163299,239026970,1030487389,287021085,4768642561,474043610,66297785,3067508652,132404336,3187970742,142880137,95336816,720468818,61083693,125536842,2429820356,777774072,35202072,2604611660,337556529,1028369821,1640716315,3171131006,416876537,555731239,2468347933,1103443658,295626055,440692431,101987838,158194458,269583605,1209260426,178573508,806977792449671169,141610735,1548029071,98369037,113946504,280046719,2376778740,2605597950,716906391202439169,3935308512,327083857,18161116,277024032,1647612522,113893439,111880950,595139186,105018442,916553269,1423260744,50332170,146691028,3061307797,139164333,370956885,140839919,200829722,453285028,636753909,1583594232,2679930006,4290745992,2391414840,608520018,2153078023,2855124108,1672184269,762079936915976192,176053446,2706032359,526116212,1221853364,147961646,2181805320,2662515085,1319610176,7622742,1559952566,19516793,1085844852,311403483,481824635,112983529,183079588,232816019,1343914832,140761421,760073383476199424,142292017,103412033,155184987,1674579972,17041744,362486249,1863750126,759036149687984130,2332723700,1381911260,4501201,1125217380,135844145,3020332068,2994800682,3316714052,1196793104,268215436,614065373,565141916,108198353,302928032,3139636165,143395531,100912201,349489505,179094450,4782826418,112676425,405420683,557749727,215270961,601548919,163041111,712931060829519872,779236687574511616,2842190244,1400127397,594376110,264320265,105699879,715840055982555137,1427897413,2358047724,1245697345,487385052,947345778,1178582910,3238392042,372276899,4412470574,68371366,128215955,2482734823,88103577,398653006,1504059492,780131496,481665043,99065146,3445180092,304806782,2322986196,397671438,3704866644,721648549365059584,2493043944,748808266612826112,700005120,2906082840,271916962,223410747,1704834752,745616877473275906,776810822429319168,2993903329,3257172907,803090686346076160,4888081354,627025875,2447077172,3259133840,331647240,2711712037,738899638594375680,21074238,12127122,1878666397,17772196,4388891539,4732173733,125569629,2367230214,269907583,1021642374,2615595660,2750137763,174432016,66601333,3092684144,375075859,125178332,1427842244,232858720,304241339,443554101,111036691,130736133,1420919810,1547723784,186790049,279995344,118320082,11637282,542469502,2191464510,2343754692,191914761,152568882,176731145,788774233,504670586,2190383616,477662077,185154117,203576003,362507353,5631872,400720799,4520101694,437749202,454092313,51460145,103207685,1331302118,780361915319005184,2337272023,920733390,448485458,2370283988,1274913919,2237142252,25784387,2986447273,524276382,479420138,123786839,619973341,1910610115,550742704,162444870,1326527461,33466363,477375328,2773016930,62261018,2744126239,1582593170,615128540,1840846752,14054246,770290691809304577,59131160,3558795492,313220725,119375961,2199625903,2904052513,124616624,726371251397120000,3600718513,305337902,287402332,495499887,781398239702503424,933847380,195409750,2607362299,710012451295793152,1403983866,5660332,1036891830,86282544,805396656552218624,67271804,225675042,1640228828,736469282188464129,1607484811,257727041,114966360,2255293753,717387731505025024,2489894508,709258447594725376,4325708541,3053959400,935118805,2465862210,2931249776,167959130,271446959,114606028,128745563,44940172,732938444532391937,347739325,3007915002,1589767904,239747335,194523471,11284102,120158285,2771377226,1427652896,2840853390,110354058,2816318186,192846775,3309086234,1331354773,458359698,97877512,156921608,2303984232,51000475,275252376,1975990291,148268248,86129051,3411521,2971315033,77198783,729636779783917571,770924438984331264,98891949,68331875,115692327,179374042,1974810612,400026244,2956051663,2392645753,83810350,697005636467339264,757793294,772725649077260288,3079502630,472979573,14731407,819701467070099457,3141678404,108925802,2777070584,151277224,3328723975,490361593,607048619,1690743270,2234860657,779509437157429248,59831981,433516270,836591001925894144,211800955,4887821294,755380822266437632,783558192936595456,2325455425,742118714280050690,40579647,344612717,1711375848,162368053,1733362838,585767501,1140115897,2731520388,3983110578,751566833367388160,1680042638,527459582,2559301716,726446347113525249,355467508,30196675,2914622899,164165832,745596723192442883,3227671838,303036121,106695105,2658981814,1413237433,927643128,1394168604,20909451,66341567,102890665,4736964470,178739064,316449536,1277935184,76037704,3281389392,754185677076443136,476324515,268195377,2832912835,3186628429,244450588,176881179,287025479,90522012,229780603,134752598,1671505184,120133218,150203938,125950361,158735114,716523551331717120,146648804,113559671,50690090,237144321,11503132,1612011276,3059645574,362401254,472896116,267542533,363441137,93291481,939088549,1874866345,241946031,90078908,2862501254,545120445,160111545,3182466757,755787719821758464,515530852,289324309,18115386,3275733554,55897052,138443914,2836656024,4686011611,1490574733,3266869692,220260419,212237100,769080055,551091308,128559255,194570881,55112346,128796794,213652446,60029325,1407700484,2953558980,101189087,20574396,634392187,3021901800,195746332,444230928,6386322,2176257618,1349543347,444716886,256402505,120421703,1651539458,72840900,81128999,81546559,2257161986,701508926471168000,741257818414534657,228019907,254501100,704989777724977152,2805566264,2505612338,718421987538788352,441644868,716450801200136192,143334718,381475602,1035828998,151214284,573273070,427093744,3196269806,1254107040,766631804983836673,173852199,2434624418,39266575,2894509957,462113084,131847523,839756197,3010848974,106295294,487233268,139402255,3148806241,3187328923,703302223,300766678,3671517134,58405870,1881786662,16979586,1241285960,2897085764,1574031367,2313519390,134776591,2680714453,275605379,1850506747,511311818,3688487773,742835747372163073,1054640846,266777507,5573352,3063737407,1927123123,96519178,212941972,135466702,373383877,2989187624,88400057,2216911134,423940329,3250239018,52876801,2921490368,631695066,60816628,149585330,123929049,18468872,4310846180,1116748572,422471138,2947862881,108600121,64978992,3083712080,711498075315933184,140021552,562085245,2940556627,2937110376,71688342,3269798672,114659575,260214785,945564403,1588025569,4779249638,229039885,3100773817,155211167,3184597658,3167639346,73595806,582786194,2215425332,4332995414,218083410,1633134696,2170395426,4336860613,3401711,238551083,116760271,15721090,447717052,63461143,15197616,437533064,78560756,172028151,60302547,251533156,762520765,103045051,154172251,154764097,130486983,200903197,444668093,635228827,802595731,176634709,1211861108,382732869,2493888254,767419549973045249,4888188033,532853902,1023178586,69484065,167728298,2203001954,444190942,2979301238,2280673579,508982156,513734114,490054809,355258981,821550209406672896,2536397517,1562215802,1016464634,105022503,4785272419,815211062,897549607,3304226066,469319791,752682897367150592,730034216340103168,327967013
630993052,166053929,228019907,2258866224,14514082,95336816,98031440,4501201,228271850,149585330,802595731,328530559,2167589748,701508926471168000,4839383594,790016653190803456,2341519854,134776591,1672184269,214793399,305337902,71248326,751641104,600346074,113697022,135844145,225306926,1369359684,4810545397,2181805320,126421794,82063349,63226619,120094779,25043006,487389327,2524642166,425057562,52876801,1427449448,76891783,332187159,559580024,3124329918,3688495640,241518702,1366995445,1412674033,2186295889,953284290,86416278,412165402,93857594,39266575,801122563225055232,5161091,123057317,30011055,14071487,806903013201702912,703302223,3274075003,3228930301,1250752274,124782164,106923358,125644441,4619399178,107042980,278927574,592797308,510032413,547833114,160941955,6257722,2752933818,179561709,1349543347,1588368044,213236608,140957446,1034298126,4104111,105781620,1913156420,279995344,715840055982555137,2384525437,927434736,2423813221,15197042,1412666898,3019321334,2338020751,1136358031,2669079992,803090686346076160,3043419806,2396823888,277946972,111134927,351942181,163041111,2527587546,45116366,142605239,378552499,415375895,350125392,87479134,278123639,71258446,4830205428,1036891830,4923818598,2893641422,765577303560642560,178685274,106604661,529256619,69001921,2482220329,125106017,768108571682705409,41787094,77898979,375989152,14569397,93354555,3947332213,130822837,1903582759,111464118,1721569584,78577879,1344776983,771049145721167872,1233247134,3189365473,64361064,69014764,110705458,3668926099,14283262,584337995,795482330982821888,165147560,174980721,608584291,109937762,2210034768,3605152476,98154805,122305557,511311818,125171112,2896024994,1384684081,793676027641917444,1171293552,2263777033,55143079,540045117,776416227673518081,54786409,1613064720,2675768354,4468236687,1343914832,2219883769,801013732943937536,2229758856,44940172,4673443538,1368492708,761093938690207744,803976831380508673,217998071,744712467473784832,161327130,2299460798,22369314,1356414966,2363841758,3282303163,221302426,1207985966,716906391202439169,404464302,713012772045348864,749488564975480833,2397470018,108961569,546728886,1141254258,1561135302,2605107464,15888322,59111213,916553269,4672810092,438356194,104243106,86524045,364322393,1582593170,1337317784,397671438,704930243325329408,727826811539705856,1013033460,2495658756,265761961,1687641726,17622782,4543695072,723847430270132224,110748603,50690090,1572335857,163777461,304806782,70675887,778191598605729792,121117243,1474430012,702642855588663296,211800955,177177552,15982204,1159813495,57169686,582661019,1524514772,143404547,173852199,83810350,513734114,235865320,555883563,2539568072,100389301,296227951,82584006,154152824,2181769143,76930558,1090641373,537971182,3304226066,2195101268,467970267,1462121972,20063068,607048619,3014443676,2153078023,274533438,925078362,2689398781,582494043,360623475,601548919,1687041560,370956885,121840316,2811434557,12740302,330526489,98630296,69876392,90078908,2909429360,237941305,133985687,754509129364877314,225420705,1293552186,1319610176,1565989141,119044678,272440982,479367164,849258434,426337620,2787896394,84617104,2286184658,2600375870,977900888,186647848,2944804896,1547723784,141610735,96301196,2993111114,771079892347686912,89982090,109845678,1034540978,2954885077,81128999,4768642561,729265190336749569,737075095261188096,582769131,1304664565,2390544624,154764097,1699232659,142259228,1025942498,293407200,472985752,154496537,4738509493,386928380,46610863,704989777724977152,158194458,55112346,120672856,88934299,777774072,585767501,586380468,148268248,1245697345,3876073340,99935747,1030487389,59654139,867423907,2509949550,2519519436,1588025569,428288293,1905756631,103412033,3323015893,223723022,136544724,2923658490,133310805,2839377176,2604611660,820482874101014531,2407596964,111868788,2943089269,2866691292,4686042043,28811940,7611042,562773398,1199621377,1974810612,230105403,1147480166,195224389,1923257508,127850518,1103443658,932294724,595525996,485522737,1389378229,1214939851,3068161046,1706876556,142880137,3100773817,111856529,1426386230,181613766,764454329365344257,246120775,302928032,820298958593372160,398759235,113946504,796199161,196108701,3311685187,1610344716,2278316137,595139186,2565480336,2615595660,400186751,434597746,2402675282,1331302118,469889417,437749202,433195700,120417286,2383019011,416876537,480188186,281257371,135527624,1840846752,968132280,1028603990,109758782,98891949,981531715,139164333,543416483,337556529,1048296542,345339150,64151683,701815858264322049,35202072,313220725,66297785,277024032,4732173733,2580517280,731103687997673473,287021085,3998911995,19516793,14483249,382732869,3171131006,1209260426,200829722,17041744,3281389392,148750065,806977792449671169,1627484790,2468347933,555731239,3165537912,131847523,3149412728,3118307045,4078875493,474043610,89558665,3061307797,3067508652,719668881367937024,1583594232,112983529,117779821,2761848823,269583605,172633862,2860663375,526116212,4290745992,110597690,88343761,1329547237,179059903,800497230050258945,1487057005,176053446,207071154,441347302,1878666397,1196793104,565141916,636753909,232816019,4802565872,295626055,3526792334,79169816,120666528,438407315,772258284489236480,738899638594375680,454092313,2662515085,443554101,2332723700,268215436,1863750126,88103577,14054246,769689637614854145,1607484811,759036149687984130,2343754692,1153399748,552513982,3139636165,266610688,2254411722,2265895489,261589287,75828566,4831391,120332990,311403483,723934291,2994800682,125010416,95411578,108198353,99065146,1155373262,3238392042,3187970742,2578669447,2921490368,1381911260,264627362,159212067,2246842249,802065806,61615918,111880950,2191464510,2274163202,113893439,362401254,128508867,264320265,119491689,3935308512,143395531,14593489,177549105,128215955,44628277,2794008567,2493043944,162444870,717387731505025024,438259292,133543001,2605597950,2322986196,73695205,557749727,802796128978599937,259213878,1646990648,1221853364,627224997,615266918,594376110,2543433716,745616877473275906,780131496,14365306,280046719,721648549365059584,1704834752,1588912886,400026244,1170478675,3186628429,223410747,119256780,947345778,2279876474,127152635,2915838656,3401711,3257172907,100735582,109519099,1960742172,346593752,174432016,68371366,477662077,277983045,331647240,487385052,710825790405881856,125569629,2711712037,2750137763,362486249,3315835183,246161974,788774233,400720799,1640716315,1879602871,3092684144,1274913919,161170425,86282544,21478350,1031697631,2275037991,718064547291004930,2604224318,11637282,116086347,170939623,115101698,152568882,51460145,737891942789419008,504670586,203576003,179094450,1326527461,707636043562901504,2465862210,5707612,1403983866,3600718513,89599240,362507353,3281126252,417973441,779236687574511616,777098130885971968,1499874158,100915027,2904052513,2842190244,5631872,2706032359,614065373,244113072,798589032,1572909170,280519165,907776512,72403408,1910610115,2237142252,150635326,94558694,144905429,195409750,324204408,1486260547,795927309467271169,1346916284,2381477892,830134952117227520,2993903329,77198783,477375328,66601333,1427842244,619973341,120158285,3558795492,920733390,3259133840,1916111221,271916962,111036691,357439604,16069066,709258447594725376,3364846514,1017431660,2893328989,88400057,2771377226,766234603661197312,33466363,132404336,536124258,232585467,271446959,287402332,785549586,495499887,781398239702503424,2658981814,2370283988,755380822266437632,1420919810,158712858,109270564,156921608,88385720,1274187872,3269892822,5660332,3326698596,4892677238,2773016930,550742704,2781248400,119375961,128266576,935118805,2951289997,1516719872,805396656552218624,2475646328,714270603679653888,103482322,179374042,2805243174,114606028,51000475,164165832,1640228828,732938444532391937,2912827525,1050192536,3053959400,329671355,1427652896,4782826418,2816318186,239747335,718685998717095937,3309086234,97877512,2956051663,819701467070099457,2234860657,2203001954,73595806,589998701,458359698,257727041,2744126239,100491853,69651070,49116473,114966360,2892153390,697005636467339264,1671505184,167959130,779509437157429248,355467508,562085245,1251554004,1647612522,1394659752,347739325,89914545,472979573,173380909,1476368089,113559671,3983110578,14731407,102890665,729636779783917571,409702469,241587870,758118722007556098,1582220683,3141678404,1711375848,200328577,745596723192442883,295531868,2931249776,3562600753,861010784,3119545434,2199625903,1550020328,896994926,1735620684,376848464,260214785,86129051,1469752718,1881786662,3379088595,4882146885,527459582,2300772428,4736964470,783558192936595456,303036121,1331354773,192798532,2717248874,1680042638,770290691809304577,927643128,1962030606,2214284466,719895707902156801,2953929092,6386322,3007915002,2960156342,270802850,2169437282,49009062,296730212,1359602816,1413237433,444716886,3045840854,710471354378788864,4778613001,4924576459,268195377,754185677076443136,2971315033,90522012,138443914,116710761,206262618,742118714280050690,116839495,93291481,97595415,3167639346,178739064,20909451,3059645574,129249559,18115386,560960996,4190656458,495015238,2687845069,71731655,724023695203688448,223913838,78560756,3021901800,11503132,232858720,215270961,2876664235,91545656,125950361,2949640063,107980971,55897052,2386251739,1277935184,3016258638,2953712178,289324309,1490574733,39714087,1029788143,363441137,3182466757,2729501544,939088549,72840900,541632610,97778363,2464573315,126249409,2810118211,1241285960,128559255,111447889,1067613547,2357320374,2548259742,854858016,2489894508,3266869692,100925231,2902602613,105829199,716450801200136192,2514340927,159741317,195746332,256402505,120421703,854065868,2176257618,2257161986,287084597,3282776976,625533687,834376005980610561,1254107040,2429820356,515530852,741257818414534657,151214284,229780603,130486983,766631804983836673,2680714453,933847380,233827914,275433427,109146393,267542533,573273070,1035828998,194523471,110096249,212941972,300766678,433516270,1713099140,250016546,232622398,3031523547,4507601538,384153539,2862501254,418305249,2591051467,185154117,2809895695,4310846180,114136193,2805566264,403210652,106295294,582786194,742835747372163073,135668109,271911626,96519178,3287539237,3445180092,3688487773,1116748572,1927123123,266777507,462113084,135466702,2989187624,316449536,2947862881,1706330340,154522207,76037704,423940329,3093083846,711498075315933184,3006311940,5437232,3187328923,520306331,1651539458,4236921373,103207685,1054640846,139402255,60816628,3303023372,63461143,2937110376,296026739,118974500,2272521673,134752598,610009626,75723508,551091308,2733108806,200565066,1013431068,2940556627,1363849112,3493408212,829124923,71688342,368996234,445457161,476324515,2679930006,1057429124,3156133814,251533156,2215425332,229039885,755787719821758464,2280673579,1124354360,69484065,427093744,2887582890,1573060256,634392187,483474409,4332995414,781823883372486660,5573352,2589021998,3073274168,1633134696,25306646,172028151,2614965704,154172251,4388891539,1319761464
411244259,166053929,392061045,2258866224,14514082,117132594,328530559,2197954712,4104111,536103492,2167589748,113697022,14365306,1369359684,63226619,102890665,120094779,25043006,487389327,425057562,2471854483,380874225,3558795492,1893624877,1607484811,189092808,2262071946,183079588,149585330,89599240,3124329918,412165402,1427449448,120666528,76891783,105408701,3688495640,241518702,3274075003,2186295889,592797308,5161091,953284290,65784591,141900217,1582220683,278927574,107042980,511311818,30011055,3426467953,15197042,2752933818,2384525437,2560470487,3119203573,6257722,338640640,1250752274,213236608,134045454,45116366,513734114,140957446,80601495,105781620,2390263165,71258446,2711712037,1913156420,1412666898,2356542222,2338020751,3445180092,2354994482,113805879,3119648958,713889304024522752,415375895,2263777033,98031440,1588368044,490361593,49116473,351942181,295546636,14593489,2893641422,854858016,2423813221,636500782,77898979,4830205428,277946972,163041111,278123639,350125392,146800457,238545186,2527587546,88624362,3228930301,122305557,217998071,751060062441963520,4839775813,612672625,14283262,154914770,529256619,111134927,614065373,110705458,562773398,69001921,3043419806,2299460798,726851210787979264,776416227673518081,3947332213,174980721,142605239,3001200822,768108571682705409,86129051,636753909,93354555,55143079,2210034768,3030049807,221302426,64361064,2332146613,1557214531,1384684081,239675935,220649890,3167639346,106923358,17622782,2326634994,125171112,165147560,1171293552,1640716315,790889099448115200,2175879427,793676027641917444,69014764,224171470,1319610176,2219883769,1687041560,4468236687,2493888254,35741583,2397470018,274533438,546728886,744712467473784832,138375561,1207985966,4673443538,2954867958,119491689,271839853,123057317,561042124,2153078023,228271850,148750065,57169686,803976831380508673,2931249776,2665338542,916553269,785549586,716906391202439169,623498218,3282303163,471784270,2363841758,981531715,1090641373,15888322,1211861108,1446292230,2976484495,100389301,1013033460,896994926,1474430012,99518839,270802850,271911626,4543695072,364322393,223131359,1572335857,925078362,121117243,163000984,304806782,741264231664734213,296227951,124782164,3142930746,1582593170,702642855588663296,548376650,177177552,1524514772,15982204,104243106,1032800256,179094450,154152824,3304226066,363096986,386081725,16809790,178685274,264645457,82584006,235865320,174902179,2181769143,2231029604,3272542110,700005120,6666552,1233247134,261589287,14071487,230105403,715840055982555137,5135831,110748603,4760803316,76930558,25663784,610909079,1199621377,20063068,2402675282,467970267,729265190336749569,601884446,1121806164,479367164,2811434557,1025942498,2286184658,69876392,360623475,1220390768,206262618,977900888,2302958796,20522410,1524583459,3935308512,12740302,162444870,582494043,115694863,237941305,417489174,480180905,386928380,1974810612,214359163,3225970513,121840316,143404547,2876664235,1304664565,111464118,2909429360,582769131,7611042,17922034,4416103116,2787896394,69192381,89982090,2407596964,2995177836,96301196,1721569584,2954885077,186647848,4768642561,119044678,370103075,1034540978,130675603,3323015893,2376778740,105639187,737075095261188096,1030487389,46610863,586380468,3116546306,777774072,772725649077260288,127850518,3068161046,800611986,89385160,217294345,3876073340,118974500,142259228,99935747,566895854,1409334038,94289754,88934299,220942976,223723022,62261018,111868788,135668109,11588872,4738509493,218083410,565141916,795927309467271169,109937762,2509949550,2615595660,131128662,302928032,1610344716,1329547237,543416483,196108701,3187328923,125598335,820482874101014531,595139186,2994800682,1065660787,14054246,736808744227479552,276521568,1840846752,1389378229,276747244,747933223,1923257508,293659130,867423907,3171131006,3325221866,765109392,2814779533,430594344,722923405352108033,3315835183,246120775,820298958593372160,59831981,416876537,1103443658,263104051,802966965778137089,428288293,1286832324,136544724,734226733637849088,30221731,4911411764,1016464634,142880137,2756764825,443554101,110096249,181613766,1706876556,1583594232,400186751,138020525,764454329365344257,1408043377,2824506361,212237100,35202072,2343754692,200829722,582661019,95336816,2278316137,154764097,277024032,139164333,1214939851,1343914832,362401254,337556529,951712508,1331302118,4809780734,472985752,264840291,320108889,28770889,112983529,75828566,135527624,59417367,347685856,2195101268,433195700,3061307797,721502594913284097,141610735,44628277,166857250,1209260426,1330713522,17041744,738899638594375680,176053446,79169816,837446125,2234860657,750165048190836738,372851748,88103577,295531868,2259668976,2604611660,4732173733,3022125416,2433266846,806977792449671169,2203001954,109266680,2882975708,287021085,444190942,438259292,66297785,108925802,301488928,172633862,526116212,952917517,14483249,1878666397,3045540997,2468347933,281257371,3093083846,454092313,2191464510,264320265,1420919810,732729301926207488,16069066,383707910,3139636165,749261411495219200,555731239,269583605,232816019,103412033,4388891539,264627362,2246842249,91386211,2884344805,423644055,717012344,175941832,116710761,2332723700,144853023,120158285,570784501,1284821245,3035716638,300735474,2541834019,295626055,4686042043,796199161,268215436,86282544,108198353,395612273,3113233759,2662515085,805841141719396353,474043610,939088549,589998701,3178222652,99065146,181285682,3065818116,803090686346076160,150876450,2645420023,128215955,783558192936595456,61769634,3238392042,50690090,240159914,2322986196,783255350820470784,177549105,2645544750,3092684144,1728478885,311403483,374299687,1863750126,143395531,2928258564,1381911260,759036149687984130,110597690,2904052513,717387731505025024,400720799,437749202,2750137763,115101698,239747335,3181535172,1274913919,1693180909,126869577,1680042638,745616877473275906,53085923,2237142252,1704834752,920733390,1662503342,2190383616,223410747,111880950,788774233,1387087566,1672184269,1196793104,1371413899,2493043944,174432016,69472367,3257172907,5631872,780131496,103207685,77198783,1403983866,554281984,1965755450,557749727,225805944,93247238,560960996,477662077,14204588,312103989,109146393,331647240,801013732943937536,88385720,749488564975480833,732415501100417025,433516270,235203783,15721090,400026244,78560756,487385052,594376110,68371366,2396823888,113893439,4686822854,125569629,1261345543,714784346490609664,2371124150,715522117513547778,4135274360,111036691,947345778,277983045,357439604,2842190244,2953929092,397671438,1910610115,280046719,2391414840,469889417,802796128978599937,1326527461,51460145,723934291,378552499,170939623,104823519,2465862210,4782826418,1245697345,203576003,504670586,1675185144,117679649,120133218,345298094,152568882,1903846218,3053959400,2957234684,305337902,4713535933,1547723784,1221853364,2794008567,53145231,721648549365059584,44940172,1438477916,362507353,2605597950,834376005980610561,271446959,619973341,1315708904,477375328,505924173,203032385,2771377226,2218745564,313220725,3119545434,2291460355,718064547291004930,172284071,2380327448,100491853,4290745992,713012772045348864,287402332,5660332,215647615,788538431613710336,141166334,59111213,781398239702503424,61615918,550742704,10546852,118398249,710825790405881856,709258447594725376,62471310,2589484308,3235885524,195409750,1344776983,109111349,247558355,66601333,164165832,495499887,362486249,156921608,33466363,407536179,3998911995,303036121,2451643429,724718263519707136,2658981814,5573352,355467508,3246031,722951982,755380822266437632,1427842244,146320096,4737075084,607048619,630993052,540045117,131847523,1010742504,2402339690,458359698,935118805,2279876474,2993903329,2951289997,810267617948598272,84863232,784763240450367490,2932848582,990899076,90078908,487141355,877928838,732938444532391937,14569397,2773016930,179059903,216131661,444716886,4501201,3309086234,51000475,2565480336,191817779,3043578366,3034870699,404464302,779236687574511616,1516719872,279995344,119375961,2880750097,811229771220721664,3259133840,3227671838,2816318186,759771283504570368,146800179,729601757479763968,1427652896,260214785,1880174226,805396656552218624,2370283988,2956051663,100912201,551091308,215270961,121948820,306186328,1476368089,200468750,617025273,1583154175,1671505184,819701467070099457,1640228828,88400057,2567307780,271916962,106359350,2744126239,3152205769,239026970,97877512,3187970742,1813277905,153339375,363650876,1050192536,137721352,114136193,2675768354,2303984232,816811554335096832,114606028,697005636467339264,1394475098,749593075194834946,87183570,83868996,801122563225055232,4702757546,23207847,1917419846,2301116940,316449536,255483495,4844196012,1703782490,3983110578,511649384,84279864,2936111448,18468872,50332170,113559671,211800955,2781046033,472979573,758551704849620993,745335092,3041003916,151277224,161327130,167959130,2706032359,173852199,68956393,779509437157429248,1413237433,2257161986,4982241,314980428,133543001,14731407,3194228214,1402369591,195746332,232858720,3184448988,829124923,719668881367937024,1277935184,732857139702566912,585767501,1729258040,63461143,194523471,745596723192442883,1711375848,376848464,83810350,2464573315,103045051,150635326,3141678404,4880532975,783691840717336576,78577879,527459582,3029859799,953128410,148268248,1103496770,138443914,711353581731840001,605695639,4922886674,4736964470,72840900,1490574733,96357612,2982043728,268195377,1550020328,483820417,729636779783917571,1331354773,257727041,789030318569205760,2270993311,134776591,1185681416,927643128,347739325,60302547,6386322,4882146885,3021901800,3148812385,256402505,4507601538,754185677076443136,1628086310,355600538,3967047372,2759083950,497388433,90522012,20909451,11503132,2352734053,120417286,3059645574,73595806,128508867,98891949,2227686313,1879602871,1563237025,55897052,5715312,89914545,146087775,2214284466,4468848852,212941972,18161116,3118307045,3688487773,157589649,3045840854,1241285960,289324309,742118714280050690,2199625903,2814256836,55112346,2680714453,746606178902237184,151214284,128559255,1881786662,3182466757,125950361,1254107040,830134952117227520,120421703,716450801200136192,363441137,93291481,2862501254,108809607,4888081354,99068944,18115386,770290691809304577,3266869692,191914761,229780603,741257818414534657,130486983,3328723975,2613582037,232622398,106295294,178739064,766631804983836673,2176257618,704091794066132993,2280673579,99666183,107753897,300766678,238144988,2669079992,219655396,2861938021,1116748572,4822001774,573273070,769689637614854145,515530852,2589021998,460256708,540041852,452054225,419554225,742835747372163073,3401711,266777507,96519178,143334718,283167655,1035828998,4885527589,1927123123,786516823,562085245,109832030,778167657606574081,487386640,4310846180,173467768,115051311,2805566264,135466702,155211167,114966360,215952112,160111545,53328718,2580517280,536124258,267542533,755787719821758464,2947862881,2989187624,423940329,3149412728,139528880,71688342,481824635,200862420,159212067,215626926,711498075315933184,462113084,2679930006
166053929,2258866224,3045840854,587129257,14514082,4104111,328530559,113697022,275433427,112681712,2167589748,728134837874266113,1628340337,63226619,1369359684,231748973,1670300166,5573352,25043006,487389327,1071094099,118974500,120094779,16285524,412165402,101741110,3101428518,4880807249,3124329918,99256908,425057562,1427449448,3274075003,76891783,3688495640,707636043562901504,241518702,278927574,2223261024,30196675,2842190244,2615595660,111907815,2186295889,149585330,728580528,146800457,744380667832631297,490361593,3031667206,953284290,3401711,107042980,32957380,2489869620,16896171,5161091,264840291,774168469877039105,592797308,2263777033,16437836,98031440,1603825117,163041111,2384525437,210793293,3780253165,277024032,2214284466,2352734053,122305557,3228930301,2752933818,3282303163,395265120,1250752274,9496792,1412666898,71258446,3224213738,1588025569,1233247134,2270993311,3266869692,217998071,6257722,511311818,704091794066132993,415375895,15197042,105781620,140957446,5457302,30011055,714522762849570816,45116366,3118908378,213236608,4834033657,17148691,161275080,2893641422,348512679,2876664235,149445188,716195503256408068,925078362,4830205428,1913156420,2338020751,112983529,362486249,2423813221,351942181,251790739,810129963349262336,1588368044,723934291,776416227673518081,155064040,110705458,278123639,277946972,3250239018,2880750097,724433845295017984,2148735134,594376110,103045051,160151033,529256619,1559952566,77898979,586070990,3245862577,923139588,132404336,710722125493972992,2527587546,14236392,301488928,702036974740176896,350125392,2299460798,437749202,1384684081,3466819214,768108571682705409,258352199,745335092,68331875,14283262,41335989,106359350,442004205,631695066,2278316137,2447077172,1331789449,793676027641917444,513734114,382732869,111134927,69001921,174980721,2778689418,55143079,134776591,108890771,2397470018,799813018917814272,111743644,4911411764,4948611,17622782,2210034768,1474430012,3947332213,783837725854085121,2383817438,355467508,124616624,3049491901,1405231680,106923358,636753909,165147560,64361064,221302426,377443117,546728886,3043419806,129824349,4468236687,3019862611,93354555,1320883860,4543695072,897549607,16739926,200935830,281257371,978455046,88103577,274533438,2832912835,823827298205863936,1207985966,1013033460,2556638042,125171112,6034802,68956393,51000475,803090686346076160,715840055982555137,2995177836,109758782,376848464,2219883769,293407200,1171293552,57169686,744712467473784832,803976831380508673,916553269,433195700,69014764,2986115947,100735582,2904052513,1389378229,2254232792,758756132,18386837,2994800682,215270961,108499170,981531715,768508561194299392,4673443538,1711375848,15888322,228271850,19445294,2153078023,364322393,1090641373,730292148554194944,2893326894,69379837,1319610176,467970267,769689637614854145,716906391202439169,4548093644,1572335857,3009728540,381534455,304806782,2363841758,3998911995,296227951,84863232,900071821,2286184658,270802850,729265190336749569,4882146885,121117243,177177552,112675622,321897940,529566623,2407596964,120782636,2795880386,153047083,1974810612,5680382,2232770449,178685274,126800837,725271918148870144,275605379,806977792449671169,702642855588663296,1524514772,1199621377,386928380,46610863,154152824,14071487,1721569584,977900888,2151176886,1140115897,118607328,3095924610,223723022,701508926471168000,15982204,2181769143,3043578366,82584006,3068161046,230105403,240159914,1416285146,12740302,1394475098,550742704,1217604392,2588219065,235865320,2811434557,59111213,323177490,2729570401,4844417930,16069066,582494043,1304664565,582769131,104243106,96301196,69876392,1025942498,1923001070,780310450357415937,722471991697997824,360623475,1975810556,737050055496990720,20063068,76930558,2909429360,2787896394,121840316,237941305,1034540978,586380468,3323015893,119044678,89982090,1687041560,736202475347136513,161327130,406144362,186647848,105408701,1563237025,136544724,4768642561,1550020328,1965202032,2427209972,2954885077,141610735,99935747,193266416,135668109,737075095261188096,480180905,7611042,2478964891,83156849,734226733637849088,4686042043,3935308512,438259292,3152205769,268053015,123057317,142880137,1030487389,16806855,343164845,200829722,157163299,1866980005,582767912,267461756,1221853364,4518495380,379382447,4767353802,2386251739,867423907,536124258,939088549,3983110578,796199161,706498591,127850518,3876073340,158227376,777774072,2509949550,433495834,302928032,142259228,111868788,1329547237,595139186,88934299,932294724,4468848852,196108701,783558192936595456,1610344716,3171131006,747798407733874689,1840846752,3246031,820482874101014531,246120775,264543313,1962030606,1121806164,2195101268,2232883778,1923257508,543416483,764454329365344257,95336816,129793534,416876537,3119780238,1461424656,1706876556,35202072,1583594232,443554101,23207847,820298958593372160,89746338,370956885,582661019,4738509493,213652446,44628277,2816318186,1103443658,428288293,185154117,2880794623,400186751,3139636165,173787609,181613766,212237100,2464573315,2951289997,127794430,1878666397,2234860657,1274913919,2343754692,589998701,4706662398,2803300472,113893439,1251554004,128508867,472985752,1403983866,103412033,337556529,95411578,160111545,738899638594375680,3061307797,100921352,60024578,139164333,390031212,176053446,135527624,271911626,1343914832,526116212,264320265,2738962363,1209260426,17041744,2482846543,4982241,717387731505025024,2916453350,2567307780,713012772045348864,565141916,727715861130297344,14054246,3235263822,1076426167,67271804,2932864364,2733108806,371141260,1331302118,98154805,903709178,1214939851,2246842249,2191464510,264627362,172633862,2468347933,4732173733,154764097,278928819,3187328923,3035716638,1381911260,202698089,2675426671,2514846540,41441853,20350290,2193852151,30223785,86282544,3100206492,1863750126,454092313,88385720,99065146,2662515085,295626055,557749727,2781046033,2183982811,1451665674,815897614478495745,2882975708,66297785,544524702,177549105,378552499,625533687,460256708,287021085,3259133840,595675020,3067325389,223410747,92004114,493934466,1903846218,120158285,2433490477,200565066,100389301,1211861108,401828736,232816019,788774233,14483249,2995212470,2332723700,124782164,194523471,555731239,801122563225055232,109937762,145855797,610909079,268215436,44940172,477662077,269583605,540045117,133098850,211801337,474043610,3176137200,383707910,3426467953,1326527461,368996234,422369769,128215955,2322986196,331647240,2711712037,3238392042,1178699515,143395531,984450056,61615918,108198353,780131496,3278552682,745616877473275906,172284071,115101698,166446440,2604611660,462702563,3092684144,111880950,443462781,78560756,311403483,2725598418,1969648230,619973341,400720799,3256298204,759036149687984130,1196793104,2995412444,920733390,2558095956,239747335,126248975,100081382,162444870,2750137763,303036121,1050884977,3313864813,2465862210,507450159,148268248,2862501254,1490574733,779075678364848128,1245697345,174432016,142492951,806726463424561152,2493043944,601884446,2703151622,1704834752,84240596,2402675282,305337902,313220725,2953098450,170939623,730274575464857602,2668513471,140417249,2915799379,66601333,757793294,400026244,2505612338,1640716315,2237142252,77198783,111305124,68371366,134752598,3053959400,1672184269,94714235,152568882,3257172907,404410893,2744126239,110597690,2836656024,110096249,2204386243,4686011611,11637282,403210652,102710639,279995344,729636779783917571,947345778,247558355,1155373262,709258447594725376,907776512,1226785639,3558795492,125569629,131847523,345339150,551091308,4906303806,504670586,458359698,1350742926,496616027,51460145,859452704,2902349569,280046719,1910610115,238144988,203576003,84279864,277983045,487385052,1210406245,53650167,156921608,123363104,1547723784,131770455,788538431613710336,271446959,3227671838,16979586,1555114224,799750525,3283209914,935118805,102593218,142605239,362507353,2771377226,4432070294,26518327,2773016930,287402332,370142575,96455430,479367164,1404624722,614065373,2658981814,1673122076,113901544,448485458,5631872,477375328,2605597950,753425423036395521,111036691,635228827,495499887,3167639346,113559671,1331354773,754770708,5660332,2993903329,164165832,153040323,111464118,2337439350,3309086234,130486983,1680042638,607048619,1881786662,2893328989,257727041,1315643804,14731407,313837976,1116748572,755380822266437632,1671505184,2349866162,1518429902,174955991,781398239702503424,1427652896,732938444532391937,173852199,33466363,103752220,721648549365059584,2956051663,472979573,710055717177204736,17676845,1633134696,129030828,444716886,3328723975,114606028,3279534456,4344908054,195409750,215626926,2203001954,560960996,3112776163,1413237433,819701467070099457,779509437157429248,4290745992,805396656552218624,260214785,221421867,697005636467339264,758903930646429696,1427842244,86129051,119375961,1241285960,3162560720,167959130,98891949,1733872003,97877512,179094450,362916147,55897052,2556013612,1051148726,745243332016668672,153339375,2661526758,229845375,1386019038,2257161986,1640228828,2589021998,783894089506750464,4736964470,266777507,6386322,830134952117227520,11503132,72840900,1368492708,357439604,779236687574511616,3261849444,2370283988,110124436,3141678404,745596723192442883,138443914,195746332,1879602871,159212067,527459582,3182466757,2731396789,268195377,784241862789832705,739423480207134724,1277935184,166510667,3021901800,1607484811,83810350,340859143,1420919810,107366362,244348020,2185528422,585767501,362401254,433516270,3313011139,701653115326451713,88400057,782961842641473536,271916962,93268087,2243990906,125644441,212941972,927643128,129793458,1548029071,81872670,721502594913284097,1516719872,2176257618,1127327816,36914160,63116797,3187970742,812673573575737344,2350371589,2216911134,99515753,3093083846,143334718,347739325,444230928,63461143,754185677076443136,106295294,75828566,62103993,276747244,149946725,2376058586,1398539653,1729258040,3411521,125950361,256402505,90522012,154914770,464997591,3194883110,109146393,2148952190,269907583,73595806,770290691809304577,3059645574,151857442,2722552821,2493888254,1409334038,1254107040,1016464634,524414779,144427071,100912201,20909451,2231029604,1257462852,179059903,573273070,158584247,777458825699864576,2605699718,93291481,108925802,62471310,2520170352,515530852,232858720,572295698,151214284,289324309,2680714453,2301116940,3688487773,316449536,128559255,3304226066,3184448988,716450801200136192,123786839,572350830,120421703,741257818414534657,1476368089,363441137,347685856,2326634994,150635326,562085245,414760126,3355354512,18115386,766631804983836673,711498075315933184,2280673579,742118714280050690,232622398,355600538,103207685,300766678,2947862881,276400782,260270202,1264224049,2336434686,3022125416,229780603,214793399,4713535933,1486822621,742835747372163073,14593489,135466702,2999530747,1054640846,96519178,2461133713,1927123123,158194458,108296230,2301058656,397671438,60816628,1234023889,61715767,151094826,927680065,69484065,32671355,2679930006,1035828998,2954934200,2937110376,2359727948,2805566264,162287986
2675723196,735102188565856256,4129099872,166053929,1368492708,2258866224,14514082,2729501544,328530559,113697022,3274075003,2167589748,544423911,360623475,772829831331315716,63226619,2986115947,1685268846,1369359684,3315835183,25043006,17041744,487389327,120094779,1173928399,425057562,128745563,306785897,92004114,1427449448,1088256662,294639882,412165402,1673122076,3124329918,211801337,131847523,76891783,2391414840,147050013,953284290,241518702,3688495640,2349866162,2259668976,3445180092,2858688673,379382447,1563237025,2186295889,128508867,278927574,163041111,2752933818,107042980,3263657660,592797308,100912201,11588872,2759083950,2384525437,457142989,3254080171,3100206492,2261763247,3118908378,3355354512,2195101268,4332995414,362486249,2263777033,98031440,5161091,3119780238,2604224318,278123639,122305557,2601900296,3688487773,812673573575737344,80738373,135024885,710640339896303621,1344776983,4738509493,2711712037,71258446,217998071,936154610,325421965,634392187,2565480336,3248700662,225347800,387488608,814065334588059648,1250752274,2936563164,6257722,1412666898,442004205,511311818,129824349,2922349946,30011055,107880424,95020329,2816908488,2245330352,103045051,702491056361705478,406144362,2299460798,390031212,1319610176,1624314926,415375895,4830205428,149585330,3426467953,4543695072,105781620,140957446,2893641422,724433845295017984,213236608,2539568072,15197042,3041678240,78560756,2356542222,2338020751,1913156420,2423813221,77898979,172633862,1588368044,1394168604,45116366,141610735,2476262700,513734114,351942181,1384684081,776416227673518081,3228930301,165147560,1647738492,2855124108,3266835332,816811554335096832,350125392,277946972,4880994851,17622782,768108571682705409,529256619,3401711,2210034768,2527587546,3043419806,3178222652,110705458,108296230,716906391202439169,729636779783917571,715840055982555137,123786839,174980721,14283262,2383817438,49116473,2397470018,221302426,1474430012,3107367884,2196533113,4104111,2953452440,69001921,2904619256,265761961,46870455,3323015893,209756637,3439984872,1207985966,2352734053,2703151622,106923358,55143079,111134927,546728886,375989152,69014764,95411578,803976831380508673,93198711,3848367018,157163299,93354555,1582220683,607048619,59417367,802796284331495424,4847883009,3947332213,64361064,59111213,2219883769,2725598418,437749202,408175178,57169686,1094213413,793676027641917444,744712467473784832,595525996,11595102,1013033460,274533438,1729258040,315102515,796199161,4378141,99256908,636753909,727738475492089857,377443117,305547192,2406892194,136179921,4673443538,1572335857,1171293552,4468236687,370956885,3704866644,1001410644,125171112,364322393,615229450,4768642561,2850375932,981531715,15888322,2721482023,729265190336749569,4640023230,916553269,220314631,704091794066132993,1030487389,467970267,2153078023,3248785405,2914625239,2832912835,196499771,2407596964,1152467347,3190888184,15982204,76930558,896994926,12740302,1009106604,776810822429319168,2730890270,15114099,178685274,1090641373,3031956112,715515091932712961,925078362,1974810612,304806782,376848464,617025273,121117243,3282303163,4518495380,296227951,757793294,2306201568,433195700,630993052,355600538,2286184658,4686042043,157006490,1721569584,173380909,2363841758,806977792449671169,41997628,46610863,3846027914,60125030,1274913919,2376555253,1700778504,1071094099,73595806,235865320,228271850,177177552,2811434557,142259228,3998911995,2750137763,3170576534,1226785639,119044678,745962760840712193,764454329365344257,361238907,784763240450367490,386928380,582494043,125644441,3165537912,1706876556,516595727,345339150,2954885077,181462291,215626926,1524514772,702642855588663296,20522410,586380468,14071487,1233247134,93268087,566327775,99935747,474043610,243165144,1025942498,1530835099,109492213,562773398,1629912176,1014195624,2787896394,2734141428,1688649956,4378187414,154152824,53650167,147961646,1199621377,977900888,348512679,237941305,2280673579,760073383476199424,82584006,3286154971,761093938690207744,389950297,89982090,2337439350,230105403,131128662,939088549,161327130,907776512,3068161046,2181769143,376667789,88934299,3092684144,96301196,737075095261188096,20063068,1555114224,2876664235,69876392,1304664565,700005120,1034540978,2706032359,582769131,1331302118,299564950,2808820982,3034408261,5524732,515530852,59654139,121840316,725722817753284608,777774072,3935308512,721648549365059584,276939487,104243106,186647848,52876801,60893404,543416483,4125134893,110138953,167931263,2615595660,438259292,44628277,2909429360,1389378229,220942976,3168683118,3043578366,1329547237,1687041560,2509949550,1583594232,3035716638,4716623179,223723022,867423907,2447077172,3187328923,1863750126,75828566,127850518,3370725564,200829722,2524642166,3260492832,443554101,77198783,127507159,1051148726,142880137,1862840096,196108701,2343754692,101741110,7611042,464664997,472985752,2994800682,3983110578,565141916,3876073340,636188663,117132594,301488928,1221853364,95336816,1462208960,780131496,1021642374,4732173733,302928032,181613766,2895577146,2836656024,2243562049,2491272350,111868788,595139186,3187281840,168013052,3249344370,3171131006,112983529,1878666397,154914770,136544724,2370283988,619973341,4492142294,2221621057,1196793104,35202072,3193076772,16979586,246120775,2591882168,192704572,4679002382,2246842249,143395531,742338043026112514,149884663,135844145,738899638594375680,820482874101014531,3278025596,912037436,3139636165,615266918,1848536983,270802850,66297785,2234860657,153047083,1903846218,1840846752,793765154336800768,272739383,783558192936595456,1403983866,458359698,2408430457,717387731505025024,277024032,2837810534,112675622,416876537,145277289,3167639346,154764097,249135370,279995344,337556529,6187612,232816019,1610344716,362409515,118974500,1923257508,295626055,1381911260,582661019,762497206179856384,1103443658,2263635158,1331354773,1343914832,612672625,726851210787979264,181840920,68185108,444795110,526116212,176053446,155217115,428288293,589998701,792737659583987713,2827700677,3061307797,1607484811,345862829,147530052,3229715407,331647240,116126827,212237100,400186751,371236213,2995177836,1614722041,745616877473275906,3571962920,2904052513,820298958593372160,68988038,2363535474,84863232,3228138577,803090686346076160,3835822874,103412033,109146393,211390677,777383852952031232,86282544,524414779,4712768766,2514340927,1531681555,195746332,177549105,5457302,4911604934,123057317,381534455,139164333,2604611660,223410747,2386251739,1245697345,378552499,3048779947,2389268486,264320265,2278316137,99065146,1264224049,207488350,135527624,877928838,44940172,2193852151,920733390,128215955,548376650,14365306,1209260426,66601333,113893439,259091863,2191464510,135668109,162444870,454092313,368996234,120158285,62103993,614065373,343164845,170939623,477662077,102944802,260270202,100389301,68331875,63461143,111880950,150876450,839441747402895360,111464118,70116219,557749727,1603825117,2773016930,16806855,2231029604,723934291,2909978522,268215436,2882975708,105768760,1326527461,788774233,779509437157429248,108198353,280046719,239747335,14483249,2332723700,293407200,17445709,2468347933,536103492,319463207,158227376,521156226,2662515085,781398239702503424,2803300472,281257371,400720799,303036121,287021085,399567181,269583605,713012772045348864,775739434763292676,115101698,280519165,14054246,2862501254,1214939851,4911411764,976523503,2465862210,1926249810,179959129,2474911159,2322986196,555731239,3238392042,711790293792653312,1547723784,860249816,551091308,745120195866300416,759036149687984130,231748973,203576003,511292542,98891949,2953098450,124782164,3315383438,305337902,264619968,3100773817,2214284466,371644778,2493043944,88103577,1427842244,2347689498,110597690,2402675282,124466775,250016546,311403483,355467508,174432016,144427071,99068944,1672184269,3257172907,3118307045,313220725,2842190244,1704834752,504670586,194523471,156921608,2965011895,1516719872,68371366,2744126239,1469856396,189777619,3066534661,4879813570,104823519,709258447594725376,1550020328,152568882,1866980005,774168469877039105,1155373262,400026244,2237142252,947345778,82867707,734226733637849088,125569629,51000475,1680042638,287402332,3053959400,271446959,141969113,256402505,594376110,3558795492,1953124550,1427652896,51460145,2816318186,11588072,477375328,129999273,255342023,1671505184,732938444532391937,111036691,130486983,1910610115,233407315,88400057,43530343,275875583,460256708,2254646966,1881786662,1453341853,472979573,545355018,721502594913284097,5631872,161275080,788538431613710336,935118805,2771377226,927680065,1146956665,711386338314964993,362401254,3063737407,543390035,148268248,697005636467339264,570045560,2429820356,854349776,167959130,2658981814,487385052,2953274317,1903582759,5660332,362507353,745596723192442883,495499887,2893328989,1711375848,819701467070099457,1640228828,3023327630,275433427,3152205769,3349941013,2605597950,3257772595,97877512,65118116,1413237433,173852199,1315643804,249023475,4110612674,739423480207134724,3920390954,2514846540,285276588,440027850,15410677,133541128,113559671,3309086234,109937762,1116748572,1065660787,2951289997,3141678404,275605379,1510814017,275280598,755380822266437632,496616027,782910664759058432,610038386,2172527923,769689637614854145,2699408498,255483495,927643128,347739325,444716886,775946400,91485365,72840900,585767501,115694863,14731407,2151176886,2547194177,164165832,1021301797,2197954712,1127327816,62261018,2956051663,133310805,2993903329,1217604392,277983045,126421794,150635326,3184597658,1589957827,1633134696,240159914,33466363,545119130,550742704,3006089515,5532582,3182466757,114606028,3266869692,195650663,4325708541,1572909170,1241285960,72403408,176046207,795927309467271169,3259133840,55897052,605695639,195409750,22735634,4736964470,108961569,1016464634,715573470034145280,3870295033,805396656552218624,4290745992,2589021998,2220854262,16069066,4767353802,784241862789832705,92285753,260214785,1879602871,50332170,284575303,6386322,207460948,4821154994,100939741,2257161986,257727041,1156603843,179094450,266777507,1316823631,2805243174,93291481,4882146885,11503132,229780603,711498075315933184,119375961,2243990906,3031667362,4244044333,3021901800,155211167,60816628,111907815,742353235462127616,106295294,74064214,67044796,127794430,138443914,527459582,1733362838,1490574733,116399040,87963363,3493408212,271916962,82760669,268195377,90522012,3560286685,3224213738,300766678,1277935184,1035828998,179561709,162287986,83810350,1254107040,108925802,3059645574,1394475098,20909451,743039016,707636043562901504,113805879,207385294,4388891539,4713535933,21074238,1152553026,240709714,69484065,773194562,212941972,159212067,779236687574511616,2176257618,2594651228,2223261024,2669079992,257277305,754185677076443136,830134952117227520,701508926471168000,2493888254,193266416,132176383,1499874158,1548029071,357439604,2556638042,1180547846,1420919810,55112346,2717248874,18115386,151857442,125950361,105639187,573273070,103207685,128559255,2183982811,5889512,3969103993,359086107
166053929,2258866224,266503807,1451665674,14514082,328530559,2263777033,113697022,25043006,142605239,2379414056,63226619,2167589748,179374042,2742067152,1369359684,487389327,120094779,1427449448,425057562,718035774982070277,228019907,3274075003,1150364287,412165402,3124329918,241518702,76891783,953284290,243165144,1640716315,3688495640,25306646,2752933818,278927574,2186295889,1673122076,107042980,2384525437,1557214531,163041111,92004114,98031440,278123639,592797308,3426467953,122305557,202176646,1412666898,733925814580830208,5161091,30011055,187219630,71258446,3075814016,362486249,6257722,253938110,1343914832,3282303163,1563237025,217998071,528961416,415375895,186647848,810904522285400064,2299460798,1250752274,717655926782570500,4830205428,14365306,220942976,1706876556,64361064,3100206492,2423813221,207071154,2349866162,511311818,2317151762,59111213,722631382208352256,2301116940,77898979,165147560,277946972,140957446,213236608,3118908378,3043419806,1253981324,1076426167,765414140,5631872,105781620,3208854919,1901893176,174980721,580686083,776416227673518081,2251387002,3167639346,2893641422,1274949824,146800457,2338020751,1025942498,4543695072,2210034768,117132594,15197042,253009012,1913156420,1384684081,65992806,141969113,45116366,351942181,2751873764,60314413,3184597658,274533438,17622782,4104111,121117243,2527587546,1171293552,1588368044,179094450,2278343275,716906391202439169,2489894508,125644441,350125392,768108571682705409,149585330,837354326,132491723,3031898333,529256619,364322393,2397470018,3228930301,221302426,110705458,14283262,4822001774,179959129,513734114,111892130,729636779783917571,2171990892,1207985966,118224201,2604224318,715840055982555137,758756132,744712467473784832,2761848823,2993218998,803976831380508673,69001921,783642754668646400,106923358,1474430012,175241788,3355354512,55143079,3947332213,546728886,1721569584,3323015893,2219883769,636753909,93354555,57169686,141610735,3176137200,111134927,129824349,150876450,69014764,747798407733874689,469090831,1125217380,370956885,4768642561,2390263165,1090641373,4673443538,463362655,589998701,4888081354,1013033460,3998911995,714522762849570816,4468236687,268762996,283992627,704949295301193729,1572335857,125171112,15982204,1396874545,2286184658,4880807249,729265190336749569,2997645366,1361407316,234774295,5573352,2181917178,1524583459,143395531,15888322,1030487389,126869577,1524514772,75723508,2514846540,1965755450,3143406331,1340497334,704091794066132993,1446292230,209756637,916553269,2821921836,2381477892,14071487,3043578366,2407596964,793676027641917444,362409515,98369037,202083315,981531715,126421794,386928380,348512679,315102515,1036891830,207588434,178685274,2153078023,67307203,416500447,154800767,531428646,296227951,103412033,1690743270,467970267,796199161,743039016,779994736798998528,12740302,437749202,235865320,806977792449671169,120387992,76930558,2275037991,2323315778,147137111,136913315,166857250,3238940796,111305124,2811434557,939088549,2343754692,812673573575737344,1926249810,1974810612,244113072,1274913919,2858085547,174432016,406144362,177177552,46610863,293407200,142259228,3225807060,108925802,925078362,1054640846,867423907,2363841758,894582775,10546852,2954885077,1057114693,119044678,2278316137,433195700,177549105,702642855588663296,582494043,223131359,777774072,69739038,4838877684,82584006,764454329365344257,2876664235,586380468,116126827,2932864364,1000772838,776172559,4686042043,2907783781,2951289997,89982090,99935747,1233247134,360623475,1654565540,126970895,2196533113,154152824,14593489,614065373,1607484811,3935308512,2352734053,2781046033,58494741,2787896394,977900888,230105403,237941305,2386251739,1304664565,724433845295017984,69876392,2181769143,200468750,1217604392,582769131,304806782,3068161046,722964154684841986,144366284,3271445514,49116473,4009612512,157589649,96301196,223723022,737075095261188096,118607328,1199621377,88934299,136544724,1034540978,20063068,1331302118,121840316,4120233199,112983529,712825972341407744,2994800682,1389378229,44628277,109937762,166669927,135668109,114224217,2615595660,1453341853,97778363,761339310805176320,1006094587,3187328923,482850962,4821154994,1687041560,104243106,482039718,2909429360,1403983866,2836656024,631860633,1583594232,196108701,118714827,1863750126,88685554,1017431660,3035716638,706419961,101332395,1185681416,151394406,161327130,559580024,2509949550,1242531530,543416483,3092684144,721648549365059584,200829722,2280312554,2234860657,127850518,77198783,443554101,800497230050258945,228271850,472985752,732729301926207488,749593075194834946,17445709,2971676756,734546785,1329547237,1878666397,95336816,16979586,78660259,3180022620,458359698,233546897,3876073340,277024032,140661586,884035584,582661019,52876801,7611042,215626926,2885344326,749488564975480833,2383817438,181613766,2180158388,557749727,54545523,2422097749,427093744,1253282468,2539568072,111868788,780131496,595139186,292142564,99515753,927643128,302928032,256402505,142880137,3014161212,1326527461,390031212,3171131006,246120775,2498932416,1381911260,4732173733,738899638594375680,107366362,383707910,456579526,354129225,3983110578,35202072,454092313,717387731505025024,14236392,3139636165,1642297566,820482874101014531,1572909170,725953251133153281,416876537,337556529,295626055,2711712037,1221853364,1840846752,1610344716,232816019,89385160,122633167,4663579639,526116212,438259292,338640640,3650313919,176053446,1923257508,240709714,195746332,66297785,154914770,3157147598,3061307797,726851210787979264,373221185,3304226066,268215436,1103443658,1170478675,1331354773,84240596,4738509493,1245697345,2415212833,2750137763,2725598418,754770708,783558192936595456,820298958593372160,2875963146,2788776265,744550453346656256,17041744,2649542054,279995344,264320265,920733390,400186751,787924457675300864,86282544,711694081311657984,154764097,128508867,331647240,745616877473275906,11503132,278528604,99256908,3536302400,1139474869,271911626,172633862,2904052513,541632610,1711375848,139164333,137011868,2191464510,153080816,1555114224,270802850,585767501,319463207,4661769912,1886224830,2840853390,240698532,2195101268,817489500,2986618076,803090686346076160,428288293,287021085,2468347933,110748603,345596407,3299570252,41834725,99065146,162444870,68956393,111464118,223410747,120158285,1209260426,4865512153,565141916,86129051,2662515085,3122227141,189857313,44940172,755973189348397056,119531274,477662077,2694923408,128215955,3196269806,1800281826,3178863956,79169816,764514669998387200,2528401320,3238392042,170939623,135527624,1859898992,1964817757,788774233,103207685,481665043,459019534,84863232,1196793104,89914545,115101698,1672184269,379382447,66601333,779509437157429248,2773016930,2332723700,601548919,1699232659,877601046,17123286,1459047109,1214939851,113261390,2464573315,460252135,2436968443,108198353,113893439,400720799,2465862210,239747335,238545186,2805539264,115694863,2604611660,111880950,2169474756,303036121,1051148726,378552499,1116748572,3692725645,280046719,984450056,14483249,357439604,269583605,759036149687984130,2322986196,2243990906,504670586,4743088033,1547723784,2263635158,3257172907,2246842249,724919159444934658,123057317,619973341,148750065,555731239,2317011618,271916962,781398239702503424,2419032854,273019929,551091308,162411359,3304139304,511292542,2706032359,2229758856,158227376,203576003,376848464,4905733699,2368837812,393273687,718772633421029376,131847523,281257371,78560756,1226785639,474043610,2493043944,1903846218,200565066,305337902,88103577,14054246,311566253,713012772045348864,355467508,93268087,313220725,156921608,2237142252,4911411764,1413237433,79140677,53650167,98891949,2991084589,1704834752,1427842244,750982200011751424,362401254,1476340567,311403483,2337439350,4880532975,2151176886,1274241546,2214284466,51000475,709258447594725376,1530835099,392061045,110597690,152568882,1550020328,745596723192442883,68371366,154510343,91485365,3234855203,375989152,400026244,289324309,109758782,2842190244,125569629,111036691,90282268,3439984872,2493888254,1320883860,314596015,477375328,719895707902156801,3282096295,2995177836,947345778,119207660,1427652896,1680042638,83868996,271446959,1012564566,2808820982,267161682,130486983,3194883110,51460145,1905756631,120417286,287402332,3558795492,477916784,2816318186,1310167417,185154117,1910610115,1916111221,3053959400,594376110,2392240434,1813277905,2744126239,194523471,732938444532391937,1671505184,274219830,2519519436,515530852,229780603,472979573,442004205,124782164,2832912835,470775001,799750525,896994926,11637282,159711193,2986447273,88400057,72840900,2771377226,173852199,4222761972,697005636467339264,89558665,113559671,97877512,260214785,487385052,935118805,206262618,3704866644,786516823,819701467070099457,495499887,134752598,362507353,22360236,404464302,2658981814,174902179,100389301,1640228828,2949135152,3413591053,2231029604,815511124485423105,2896024994,231072576,14731407,324204408,5660332,371236213,3309086234,167959130,266198172,2956051663,1576138135,2993903329,2732830194,1881786662,755380822266437632,607048619,129999273,126781925,444716886,2402675282,3141678404,93291481,240159914,67271804,69279936,4648590036,168607318,347739325,2803300472,164165832,1954010442,744308421298528256,2605597950,3266869692,55112346,33466363,1516719872,1241285960,4713535933,3182466757,1356414966,93247238,536124258,2953098450,550742704,4388891539,2523856999,4736964470,55897052,1016464634,16069066,112675622,255348664,266777507,114606028,805396656552218624,716184569712549889,3021901800,2589021998,6386322,795958112557547520,1729258040,2257161986,60816628,195409750,268195377,3259133840,1254107040,711498075315933184,417973441,2191338396,106295294,1420919810,3249344370,128745563,4882146885,63461143,205278010,119375961,82760669,138443914,769921837,2558095956,277983045,123786839,1035828998,2665736263,527459582,257727041,469889417,1490574733,831618696,2176257618,90522012,2370283988,162287986,300766678,3144616244,2311927812,127794430,617200261,150635326,788538431613710336,267542533,3688487773,228270731,2180394756,1152553026,164289791,54104257,1082334186,2170395426,3059645574,83810350,4290745992,5457302,381534455,732188440901476352,734226733637849088,1277935184,741165253480828928,2862501254,69484065,3289614930,212941972,754185677076443136,631111251,105639187,764287510709088256,2680714453,560960996,41335989,232858720,3401711,570045560,173787609,269907583,707636043562901504,20909451,741257818414534657,2852621401,495015238,3173076559,131727307,90078908,61615918,146320096,721502594913284097,158194458,3283209914,766631804983836673,310915403,109146393,73595806,149445188,109270564,562085245,1127327816,167312754,151214284,172284071,716450801200136192,573273070,3152205769,830708476917592064,1588912886,4885527589,125950361,120421703,2356542222,4555311792,128559255,126800837,3066310974,770290691809304577,159386338,2781248400,779236687574511616,91386211,3149412728,3634542492,2947862881,433516270,3187970742,3009728540,65945993,1173928399,1948804807,1879602871,727414870316994560,247558355,3310632104
2527587546,129701418,166053929,160111545,69484065,86129051,867611485,139528880,195650663,2258866224,1028603990,2151176886,448485458,4803016664,739721940026281984,14514082,328530559,113697022,393273687,7611042,149585330,25043006,148268248,487389327,63226619,264543313,2851664162,34175088,1369359684,2167589748,3274075003,355467508,120094779,1427449448,224171470,46610863,425057562,3124329918,349977903,412165402,3560621960,241518702,2951289997,4648590036,3688495640,76891783,418305249,134752598,4865512153,1405231680,953284290,141610735,717281991901650946,2752933818,3013381208,578221275,2186295889,2489894508,278927574,107042980,443707029,3043419806,2384525437,14648146,278123639,181613766,2263777033,557811036,719668881367937024,98031440,71258446,3355354512,1412666898,415375895,163041111,744712467473784832,191115831,314596015,122305557,140804951,1453341853,2402675282,240159914,33466363,45116366,592797308,5161091,4744008475,96301196,2278316137,6257722,472979573,2299460798,15721090,362486249,1011315967,785080396308373504,30011055,128745563,3017161710,3035716638,4830205428,1680042638,217998071,213236608,1384684081,105781620,140957446,173726630,277946972,2423813221,77898979,2810118211,174980721,2402339690,165147560,1721569584,977900888,15197042,164289791,232585467,511311818,1250752274,1358657352,88934299,776416227673518081,2893641422,2338020751,2210034768,4543695072,3983110578,210482965,71743715,129824349,849258434,1913156420,370956885,1588368044,92004114,149410387,2437856749,1412674033,109759976,490054809,351942181,768108571682705409,17622782,4767353802,3426467953,1673122076,2836656024,110705458,3080523176,350125392,145993840,1171293552,1207985966,243165144,109937762,364322393,1180547846,3846027914,529256619,3228930301,2397470018,4388891539,3118908378,716906391202439169,1563237025,3947332213,507450159,221302426,513734114,2814256836,14283262,69001921,803976831380508673,55143079,715840055982555137,274533438,4518278592,867423907,546728886,2956205234,106923358,4768642561,2219883769,287021085,729636779783917571,57169686,64361064,636753909,3919372272,1474430012,178685274,3323015893,1013033460,2259668976,81546559,3323067925,2349866162,1640716315,69014764,93354555,4911411764,2876664235,83868996,373383877,1090641373,1070515970,4673443538,386928380,125171112,729265190336749569,111134927,4468236687,1572335857,2852008440,270802850,84863232,15888322,135024885,15982204,111845631,2286184658,617200261,793676027641917444,1524514772,1289738430,1030487389,916553269,2153078023,344005967,93877652,433516270,806977792449671169,704091794066132993,228317790,114799232,1100337062,121117243,296227951,981531715,717012344,2954885077,114196871,467970267,3282303163,235865320,2811434557,595525996,2407596964,12740302,76930558,939088549,177177552,2273094823,777383852952031232,1274913919,119044678,1368492708,433195700,2271455202,406144362,379382447,3043578366,2161398980,142259228,2343754692,702642855588663296,1304664565,1379660545,89982090,14071487,2363841758,200935830,2937115692,925078362,348512679,764454329365344257,249338964,68331875,1974810612,582494043,154152824,437749202,69876392,99935747,2447077172,230105403,1530835099,82584006,360623475,586380468,504670586,807880728339890176,1233247134,3998911995,829124923,2386251739,82900665,4760803316,135844145,223723022,2787896394,96116357,776753652815966208,1025942498,777774072,237941305,796199161,4143058640,562773398,1607484811,3068161046,111464118,2181769143,1965644588,4686042043,3935308512,44628277,726446347113525249,2300772428,88103577,755336679766892544,737075095261188096,828337118,1199621377,3180630325,311566253,152975820,1331302118,1034540978,220942976,200829722,582769131,387115487,186647848,634392187,2909429360,20063068,2842190244,866157589,788358705402175488,3307736126,1389378229,337556529,100389301,3257172907,100925231,136544724,1640061444,61358052,133543001,3187328923,112983529,3384080193,2234860657,3185091116,121840316,3064630465,2391166176,255483495,820482874101014531,2994800682,1403983866,983772325,1878666397,1583594232,185112212,1687041560,209756637,1863750126,107645385,83156849,1215189680,630993052,13001522,20574396,196108701,544524702,181816847,3250239018,333528022,2615595660,295626055,1394475098,702737735035949057,721648549365059584,102944802,3103411352,3248785405,483820417,2509949550,266198172,1185681416,119379815,2352734053,253938110,182286546,77198783,4738509493,303002269,304806782,104507727,2367230214,126421794,247558355,108925802,1394168604,127850518,147908106,595139186,104243106,472985752,292142564,179959129,443554101,2541834019,907776512,3605152476,543416483,803090686346076160,458359698,106359350,95336816,277024032,3876073340,4027691,1264177772,1706876556,2427209972,374299687,2448212508,3259629012,1326527461,111868788,228271850,582661019,416876537,3061307797,780131496,4732173733,2781248400,381534455,142880137,2711712037,717387731505025024,2886459654,802796128978599937,108923858,246120775,1050884977,302928032,557749727,1329547237,454092313,3171131006,1476340567,812673573575737344,35202072,738899638594375680,1245697345,3139636165,3155792923,1217604392,712931060829519872,1381911260,66297785,44940172,526116212,75828566,614065373,358769277,1840846752,1923257508,232816019,268215436,176053446,66601333,108952977,545355018,2489869620,2519519436,106783095,16809790,2391414840,1610344716,2336705432,3167639346,195746332,3313011139,378552499,161327130,2750137763,2932864364,172284071,1343914832,1221853364,1396064270,179374042,2360681245,264320265,2191464510,1103443658,331647240,210002449,1559952566,17041744,400186751,2171990892,529467866,2232883778,2988445567,745616877473275906,28811940,1320883860,172633862,3092684144,86282544,820298958593372160,230387191,1331354773,3048779947,467419161,279995344,135527624,3050035860,783558192936595456,139164333,154914770,3165942768,2904052513,103412033,1948804807,3089307368,2245330352,220327780,3176137200,395900997,781398239702503424,3315835183,724433845295017984,99256908,2468347933,438259292,176693696,177549105,128215955,376667789,2832912835,920733390,585767501,2195101268,207071154,732188440901476352,99065146,565141916,101741110,745243332016668672,81872670,2936111448,8967432,789030318569205760,754011835720884224,534895619,223410747,123786839,726851210787979264,428288293,167931263,154764097,3041678240,162444870,3149412728,140839919,173809284,788774233,3246716396,805693032339099648,743039016,1974108781,120158285,1209260426,2383817438,170939623,589998701,477662077,780310450357415937,114826380,2259610398,368996234,191914761,4886711,303036121,113946504,68956393,128508867,2662515085,3238392042,1196793104,389039227,1211587062,779509437157429248,3030049807,115101698,109519099,15114099,4777183178,1226785639,2332723700,120133218,2735969155,2477585239,2228262613,2744126239,2465862210,1214939851,189901525,400720799,108198353,239747335,2773016930,1672184269,2322986196,2493043944,1116748572,1589957827,106679425,477375328,174432016,280046719,2604611660,619973341,140196589,240698532,2808544142,99518839,132025102,810904522285400064,1659900811,3190764216,724718263519707136,1427842244,1926249810,113893439,4104111,89934427,3524312660,269583605,361238907,61615918,395389547,84279864,124670174,759036149687984130,153339375,555731239,47908556,143395531,14483249,111880950,1574928770,399372676,61083693,1547723784,203576003,376848464,4686011611,1451665674,745133939509997569,131847523,1350742926,301488928,2193852151,2721756968,2788776265,120417286,63461143,78560756,150926154,357439604,4518495380,538057579,1582593170,1903846218,496616027,2434624418,531428646,2583213432,362401254,313220725,116126827,3259579002,135668109,707201266217189376,305337902,2725598418,3401711,1413237433,3139042921,1447842450,89558665,4078875493,2243990906,4880807249,709258447594725376,2934333158,2237142252,1704834752,5631872,749593075194834946,2254646966,165955816,165255128,474043610,2191961192,281257371,551091308,158227376,168006549,4834033657,1881786662,143404547,98891949,156921608,4289637476,51000475,820172655554744324,14054246,4608236540,3194883110,702540274988265472,2214284466,110370372,2231029604,152568882,1711375848,1550020328,713012772045348864,2317011618,97877512,271446959,745596723192442883,333986096,228218753,3041225383,311403483,94289754,36914160,2246842249,3187970742,123057317,256402505,387614435,1462827506,2816318186,1555114224,515530852,93247238,125569629,400026244,103207685,3016258638,110597690,25306646,116710761,131980829,446089252,3225807060,59111213,780297702827405312,1910610115,1911479628,370051505,215952112,1427652896,3208854919,578780484,68371366,947345778,148608218,51460145,287402332,3558795492,119043332,3053959400,1318631102,211499786,2495658756,98148497,111036691,78660259,732938444532391937,594376110,524276382,2217223704,123363104,2658981814,72840900,3016308662,168013052,1671505184,113559671,697005636467339264,145855797,112675622,935118805,2771377226,819701467070099457,260214785,215101555,761555897105526784,109111349,3309086234,136279527,2347689498,173852199,130486983,314967662,495499887,114606028,802595731,132889545,110138953,3241193791,819442086009155584,1051148726,795927309467271169,229780603,124782164,163777461,126249409,362507353,487385052,1640228828,463362655,233827914,2956051663,194523471,354129225,14731407,92061263,3266869692,88400057,927643128,229849539,444716886,167959130,743733183468834816,4888081354,711498075315933184,5660332,3141678404,93291481,119207660,607048619,319463207,2337439350,703561197149253632,755380822266437632,5573352,1241285960,1922921581,2993903329,164165832,2578669447,550742704,347739325,266777507,16040176,195409750,6386322,146691028,128796794,4736964470,165979380,55897052,3268950830,2257161986,3182466757,275605379,2999619314,3021901800,138443914,1016464634,52876801,805396656552218624,2370283988,2605597950,268195377,60816628,2588219065,2995177836,2589021998,2748856658,2989187624,20909451,106295294,700005120,1254107040,3145962408,4713535933,3059645574,615266918,425391700,389950297,4882146885,712562185096945664,93268087,130675603,527459582,160151033,1490574733,4179349514,53650167,718772633421029376,3259133840,546632339,119375961,90522012,1035828998,1588025569,592214959,1729258040,300766678,236948768,3688487773,109146393,2176257618,2991084589,162287986,2337272023,1420919810,179094450,277983045,127794430,1621837141,761171131,257727041,704930243325329408,2565480336,723934291,11503132,108265485,94791133,138751887,2953098450,45284903,232858720,200468750,284575303,3190683740,83810350,62261018,73595806,1121806164,3501948132,1152553026,815538632563900416,2953274317,990899076,2680714453,754185677076443136,2864664499,271916962,776425198174076928,1516719872,211842941,766631804983836673,1609554908,741257818414534657,718064547291004930,536124258,1054640846,212941972,835349372,136546077,175241788,1211861108,387488608,453046221,3152205769,562085245,128559255,289324309,2947862881,199181346,275875583,2493888254,402615426,151214284,1277935184,17445709,174902179,569102761,801122563225055232,730292148554194944,2679930006,176731145
3239048779,166053929,2258866224,487389327,14514082,7611042,221302426,107645385,3228138577,163041111,149585330,328530559,304194551,625533687,4104111,2900191730,113697022,177888275,25043006,106078245,63226619,1369359684,2167589748,3274075003,3029171638,120094779,1427449448,211800955,1412666898,1518429902,412165402,111464118,425057562,3124329918,510032413,241518702,3688495640,76891783,953284290,278927574,92249578,2752933818,2706032359,3043419806,2263777033,2186295889,107042980,310291557,416876537,867423907,232491153,34175088,2384525437,107220190,118656015,278123639,4648590036,122305557,98031440,4830205428,151354701,2601900296,71258446,415375895,45116366,376819743,173380909,2299460798,2997349466,472979573,213236608,3228930301,790768913667592196,1879602871,1384684081,6257722,5161091,592797308,1250752274,217998071,77898979,183079588,1449454507,362486249,277946972,1034540978,3119545434,110354058,2278343275,2893641422,2352734053,726851210787979264,2338020751,253938110,105781620,723934291,1683670748,2205054823,738592697343037441,140957446,736425679785320448,174980721,615266918,30011055,1582220683,1046744112,9496792,2210034768,1264224049,776416227673518081,3839521,2423813221,110705458,57841747,15197042,165147560,98630296,4543695072,228218753,511311818,350125392,768108571682705409,1913156420,351942181,428436774,1207985966,3355354512,27696649,17622782,529256619,3103411352,274533438,1171293552,234755004,714522762849570816,59111213,866275639,2604224318,1588368044,3035716638,295311678,2527587546,364322393,566895854,2397470018,700005120,109519099,716906391202439169,744712467473784832,3118908378,108265485,76223034,1220505270,215270961,2902602613,79169816,549252156,3947332213,703218313833218050,243165144,546728886,3426467953,2153078023,2779687098,362426883,69001921,92004114,2495658756,397671438,55143079,803976831380508673,783558192936595456,264627362,106923358,14283262,3902322613,4768642561,162444870,2255249586,59654139,57169686,1401768978,266198172,84634164,2876664235,784583050814521344,176693696,1474430012,2219883769,163777461,729265190336749569,3245862577,513734114,1673122076,1013033460,715840055982555137,4063498633,386928380,51460145,636753909,370956885,69014764,107366362,64361064,4737008827,1563237025,125171112,15721090,729636779783917571,1975990291,3323015893,189092808,368996234,93354555,246161974,767035326,67307203,140761421,1962030606,4673443538,793676027641917444,798589032,141610735,2988627103,1572335857,224576310,15888322,103045051,2514340927,84863232,785549586,4608236540,1274913919,4468236687,1530835099,111134927,1524514772,2286184658,15982204,69192381,230105403,121117243,428288293,781434858,109758782,129793458,381391481,1090641373,1030487389,1217604392,916553269,3998911995,223723022,1199621377,2305946341,981531715,2156662994,467970267,2451643429,704091794066132993,52876801,325284034,806977792449671169,830775007,44628277,2954885077,178685274,1582593170,311566253,296227951,3282303163,2450830255,177177552,2811434557,2601047239,362401254,3146728869,153339375,156266412,135844145,3846027914,2363841758,1304664565,1082334186,2347785702,235865320,2391166176,69876392,757867969200304128,1049569128,2932864364,3020332068,2953098450,2948088594,2407596964,2956016918,12740302,304806782,67271804,3328723975,2367230214,378552499,122585092,14071487,939088549,76930558,1453341853,2565480336,1926824899,125644441,119044678,1128022554,332187159,1680042638,977900888,1687041560,2349866162,143404547,1483863493,271911626,186647848,702642855588663296,4686042043,142259228,987733650,84240596,1974810612,5524732,2400638310,586380468,89982090,3010848974,437749202,433195700,2882975708,582494043,154152824,99935747,92283339,1125217380,925078362,764454329365344257,3983110578,2750137763,582769131,46610863,60893404,3030049807,71688342,4880807249,90819024,2614163479,96301196,360623475,2851459411,3068161046,82584006,1863418321,3187328923,3186628429,1233247134,237941305,325665913,785083170802708480,631860633,1451665674,555887624,2343754692,2787896394,1025942498,2427209972,777774072,238144988,302928032,200829722,3272542110,2615595660,737075095261188096,1403983866,1178582910,2461619678,1607484811,1878666397,88934299,934773408,2181769143,112983529,138446630,348512679,90078908,595139186,20063068,983785309,1389378229,15491520,485230373,2994800682,3935308512,3043578366,181840920,4738509493,77198783,279995344,1721569584,2909429360,337556529,1331302118,2675768354,2539806986,110471349,121840316,2234860657,820482874101014531,196108701,458359698,109937762,4145320993,1583594232,136544724,119801759,796199161,100912201,1863750126,1000772838,4658851008,2509949550,721648549365059584,803090686346076160,1476340567,405313158,406144362,472985752,3061195921,287025479,3103961424,4732173733,17445709,277024032,469889417,717387731505025024,463362655,104243106,443554101,3876073340,127850518,543416483,139164333,2167641100,95336816,181613766,3184597658,1329547237,2468347933,529566623,2278316137,1706876556,3139636165,1016464634,759728302487588864,3225078481,3315835183,747933223,142605239,1326527461,111868788,179561709,99065146,246120775,2711712037,582661019,268215436,3061307797,3115525056,454092313,416065669,780131496,295626055,788538431613710336,3155792923,84279864,1923257508,160397845,220260419,100389301,35202072,3181535172,738899638594375680,3171131006,161327130,142880137,557749727,66297785,603613328,614065373,1209260426,267542533,1840846752,362916147,250016546,1381911260,526116212,766477498955796480,176053446,179959129,540045117,483008128,232816019,2258826019,1343914832,555695596,920733390,4856011,195746332,1610344716,1103443658,2203001954,3092684144,66601333,264320265,2275037991,2191464510,3066310974,86282544,745335092,490054809,565141916,151394406,857469811,4843746614,820298958593372160,331647240,17041744,745616877473275906,1881786662,400186751,504054937,228271850,2317151762,801122563225055232,148750065,2662515085,2685151880,249156356,1603825117,172633862,293407200,110597690,971116645,438259292,102710639,159212067,86129051,1559952566,1221853364,443707029,59741663,44940172,103412033,128215955,2904052513,1245697345,69739038,177549105,239747335,145613007,244450588,2251955191,1116748572,2383019011,223410747,781398239702503424,1196793104,1331354773,555731239,788774233,2195101268,239026970,585767501,483474409,355467508,287021085,4782826418,200823909,233533922,111906042,1368492708,990899076,622693009,740719539390812164,3238392042,1011315967,16809790,209756637,751664116993961984,145343806,134776591,120158285,2587671788,154914770,3089307368,477662077,170939623,1672184269,303036121,2465862210,400720799,2851664162,2744126239,164289791,344078866,3246474871,2493043944,258352199,1531681555,584459126,108952977,1685402419,753083036728717312,115101698,749645362483240960,240159914,156921608,135527624,131847523,779509437157429248,812673573575737344,2476763354,154764097,329524170,2332723700,2823394544,160151033,2231029604,108198353,147530052,589998701,1340497334,2604611660,1306679845,1356414966,1728252884,172284071,2489869620,3105614846,797264404731432960,7622742,2274696348,14054246,828367263346462720,219857976,98891949,1041877309,174432016,2322986196,2773016930,703059353704640512,1214939851,4332995414,158227376,128508867,619973341,709258447594725376,504670586,280046719,2270993311,376848464,759036149687984130,1427842244,143395531,255000007,4779249638,269583605,630993052,392577410,2237142252,3067325389,403905547,84617104,388810282,63461143,118974500,203576003,62103993,347685856,719668881367937024,2383817438,99256908,3257172907,1547723784,2816318186,78560756,306496694,355056237,802595731,247558355,113893439,731103687997673473,88400057,2913419894,3259579002,4310846180,14483249,154504848,88103577,313220725,2540787246,724433845295017984,305337902,1476368089,605695639,168013052,66309607,113559671,111880950,2993903329,1413237433,488170007,515530852,551091308,1704834752,307351224,173852199,1320883860,310697204,3053959400,176387462,3167639346,5660332,713012772045348864,102890665,474043610,624867270,97877512,329671355,357439604,69484065,1516719872,709970204261027842,754011835720884224,270802850,627986497,152568882,51000475,103207685,400026244,2243990906,148401735,793692179470258176,1711375848,3094642820,2986447273,256402505,2181838056,1438477916,1903846218,1910610115,2151176886,12286282,738880076050092032,4713535933,2221260234,3107367884,281257371,271446959,2842190244,176881179,2771377226,5573352,68371366,135668109,5631872,1550020328,477375328,2429820356,311403483,745596723192442883,125569629,390435662,287402332,2870475259,148268248,72840900,4068886452,2214284466,48615601,1427652896,2658981814,1226785639,1588912886,2271726385,3688487773,3309086234,562773398,2246842249,819701467070099457,4222761972,1671505184,528961416,732938444532391937,389039227,2363535474,433516270,3558795492,947345778,935118805,697005636467339264,594376110,799750525,1658874913,1420919810,1195926110,490310311,2725598418,4831913382,227612556,202083315,741165253480828928,260214785,569162522,2605597950,111036691,94289754,495499887,123057317,277983045,2956051663,444716886,927643128,114606028,159711193,1241285960,3116344153,896994926,362507353,4713397333,195409750,117132594,229780603,736458590211301376,3141678404,116126827,136674041,233546897,89599240,487385052,14731407,1640228828,390031212,711498075315933184,2951289997,1647738492,130486983,3266869692,550742704,93291481,740330359632465920,437533064,1024020061,1087896535,2788776265,607048619,166857250,1277935184,126913884,266777507,3313011139,6386322,138443914,2721744336,164165832,376667789,55897052,2589484308,2193422712,124782164,807880728339890176,755380822266437632,15289385,347739325,4920852000,167959130,194523471,1155373262,2257161986,418305249,232585467,4736964470,1423260744,1926249810,2254646966,2995177836,619182875,33466363,805396656552218624,129076054,3021901800,480375561,3182466757,80738373,2347689498,116710761,562085245,487233268,3059645574,109146393,109812846,3152205769,703725771936796673,160111545,4911411764,2427405907,106295294,1916111221,3237829371,1555114224,3050035860,268195377,69472367,319463207,3445180092,232858720,802966965778137089,60816628,748436604272795650,3724739232,405420683,4711181012,3077147490,3910099766,15410677,576051950,2171990892,527459582,2680714453,2464573315,1254107040,2703151622,2370283988,43093229,2589021998,2337439350,1490574733,4882146885,2662729220,90522012,4427481488,717012344,119375961,300766678,50302754,2176257618,2947862881,1035828998,127794430,907776512,732188440901476352,14365306,810129963349262336,2814256836,1169219893,2917517929,430594344,2679930006,1396064270,379382447,1028603990,2491272350,162287986,749593075194834946,369914842,3259133840,3187970742,2489894508,325406995,18115386,3310060207,112675622,1051148726,2183982811,766631804983836673,1633134696,456762011,716450801200136192,754185677076443136,104457230,1729258040,145993840,4810545397,4686011611,1140315960,1548029071,129824349,2222602112,1396874545,3304226066,93268087,17765984,560960996,73595806,1214934704
166053929,2325164510,2258866224,487389327,14514082,2402675282,135527624,362401254,328530559,149585330,3164134704,113697022,1233247134,700696584388943872,2589439710,1903846218,4711181012,25043006,2383669699,2385562248,507450159,63226619,1369359684,3147503756,2167589748,3274075003,2271726385,90078908,1427449448,107645385,120094779,584337995,16739926,412165402,761093938690207744,4648590036,156266412,295626055,2443717656,727738475492089857,1729258040,15114099,425057562,48615601,3124329918,2909337728,241518702,4129099872,3688495640,2474911159,1583594232,4163654532,1432180062,953284290,76891783,278927574,71258446,580686083,30221731,2220016902,2420676684,207071154,82243014,131847523,3043419806,128745563,2263777033,3534000260,374299687,796708440802328576,770417267125293058,704930243325329408,1896337909,278123639,229126526,722471991697997824,2752933818,107042980,2186295889,415375895,2384525437,100939741,4830205428,98031440,122305557,179374042,175941832,243165144,338640640,2280673579,566895854,15197042,610939009,4104111,7611042,89599240,4911604934,1412666898,217998071,45116366,2529321883,160151033,3313011139,469090831,2876664235,1384684081,2840853390,2299460798,212237100,213236608,277946972,990899076,174980721,142605239,165979380,163041111,758903930646429696,44940172,77898979,2350371589,818125437314351104,6257722,704281113418551296,2893641422,362486249,745243332016668672,166200772,5161091,372851748,877601046,2788776265,740913022927962113,88385720,592797308,2338020751,741254338849341440,110705458,4713535933,105781620,2383019011,2210034768,140957446,3228930301,769846316092370944,776416227673518081,1250752274,30011055,2423813221,1402173962,351942181,100389301,350125392,3168953443,1207985966,476878366,17622782,1859898992,4543695072,2216911134,1913156420,716906391202439169,59741663,165147560,144368192,610466192,4686042043,754628335641124865,763676309394366464,711189023218278400,1633134696,752522303368368130,2514846540,274533438,768108571682705409,179059903,511311818,529256619,1171293552,364322393,2397470018,30196675,981531715,4768642561,3157147598,1588368044,292142564,2527587546,84279864,744712467473784832,78941164,4466457072,792711621227405312,2153078023,68956393,3998911995,3402271814,3947332213,2362726310,14484120,275605379,15721090,496792736,2675723196,2274529452,1524514772,221302426,1563237025,528978054,546728886,93877652,55143079,2954867958,59111213,636753909,106923358,3355354512,867423907,4782826418,69001921,93857594,3035716638,105829199,896721194,739369157066526723,1474430012,148268248,196499771,729982143980429313,14283262,1274913919,2949640063,632473568,3029618496,112158861,513734114,2467610532,3007915002,803976831380508673,222985456,4686011611,17041744,3092684144,793676027641917444,60199663,92004114,57169686,2219883769,1013033460,701508926471168000,729265190336749569,837234816558866432,54874327,386928380,125171112,472985752,3245839446,125644441,443707029,3426467953,368996234,433516270,121117243,3118908378,223723022,715840055982555137,310051290,64361064,704091794066132993,2417112420,311566253,559580024,939088549,3238344735,1672184269,15888322,230105403,4673443538,44628277,2172527923,1588820712,287084597,916553269,3323015893,334570258,34175088,594376110,2750137763,4492419738,866275639,67271804,160397845,178672671,69014764,93354555,4468236687,3119545434,108925802,729636779783917571,1863750126,95336816,1572335857,896994926,99935747,111134927,1030487389,2407596964,501750305,854858016,119023728,302928032,2286184658,323623915,467970267,1090641373,84863232,397671438,263677912,25306646,266198172,185154117,433195700,128519031,15982204,114396935,3194931222,86714891,2615595660,268512808,726446347113525249,141610735,1387087566,2954885077,1304664565,767035326,2363841758,3033693128,1199621377,178685274,806977792449671169,562773398,296227951,822787257178329092,16412925,12740302,69876392,1673122076,3282303163,2791638212,4911194041,119044678,177177552,2811434557,235865320,2852008440,2180394756,119801759,586380468,2337272023,2246842249,196503158,370956885,168607318,5524732,200829722,159212067,14071487,3068161046,1974810612,719171031039016960,75828566,76930558,1674579972,89982090,77198783,154152824,1366002283,2491440283,1319610176,977900888,186647848,3189365473,124782164,303036121,360623475,702642855588663296,142259228,112983529,1349543347,1445936916,582494043,376819743,325406995,127193675,109445002,2343754692,155211167,82584006,1050192536,116126827,437749202,416876537,96301196,3061307797,41335989,2352734053,582769131,731188571764195328,406144362,3605078304,925078362,46610863,304806782,258617654,544021657,3050035860,764454329365344257,4924576459,237941305,3187328923,1973449213,1025942498,196108701,2787896394,777774072,1403983866,2181769143,3145962408,595139186,324204408,737075095261188096,803090686346076160,131133214,2289543564,545355018,125010416,458359698,2953098450,528961416,281588490,2222602112,237038547,1878666397,777270746817044480,551091308,1034540978,2816318186,3969711914,88934299,95594060,758756132,101189087,1607484811,621790366,1326527461,572350830,3239488500,1389378229,121840316,2994800682,20063068,113676702,803251242,747798407733874689,2909429360,2738962363,2349866162,211499786,18386837,3037826388,337556529,246120775,277024032,454092313,3103411352,3316270302,735066037385715712,627025875,2234860657,1331302118,109776562,78560756,1721569584,1493698261,820482874101014531,5631872,25663784,99065146,4738509493,136544724,2835892028,543416483,149946725,3935308512,1399411568,2518527691,1103443658,4732173733,2509949550,153339375,3139636165,179959129,2292852090,92765772,115694863,1687041560,443554101,1406357959,1923257508,738899638594375680,2436831180,717387731505025024,348512679,3043578366,66297785,3876073340,181613766,71248326,721648549365059584,108952977,2711712037,375989152,101987838,6187612,1394168604,127850518,111868788,1343914832,2468347933,35202072,796199161,104243106,1518429902,161327130,1184455880,1329547237,4608236540,153040465,1516719872,4388891539,268215436,1706876556,411410484,761177743,1451665674,1360541562,582661019,2192560868,920733390,1951871065,810904522285400064,438259292,557749727,124287961,139164333,780131496,3171131006,3983110578,3401711,176053446,1840846752,191868738,86282544,1381911260,195746332,745183376613613568,315102515,720412148761931776,3149412728,1209260426,526116212,17445709,2957149460,787288094,732188440901476352,50332170,232816019,2565480336,3030049807,162444870,4063498633,786529720410054657,745616877473275906,2721482023,98369037,15206901,142880137,4885527589,2322986196,15782989,2904052513,2662515085,1718002796,239747335,753691525238755330,2191464510,331647240,1610344716,135844145,4154918478,1245697345,829579589382873088,1420919810,264320265,66601333,129824349,158227376,2477585239,400186751,325284034,2743388198,2908071980,358846296,614065373,172633862,2489869620,3315835183,788774233,152113118,355467508,269907583,2254232792,820298958593372160,3246031,565141916,103412033,264627362,62261018,1573060256,1881786662,94529428,3604193174,150876450,2354008052,177549105,740330359632465920,3077147490,240698532,122571987,249156356,106359350,390031212,585767501,1210406245,376848464,783558192936595456,225675042,170939623,932294724,223410747,14569397,197270804,781398239702503424,128215955,1948804807,2181917178,1082334186,472979573,756848580048986113,110597690,400720799,589998701,1221853364,1358657352,211800955,3238392042,279995344,215101555,726851210787979264,1116748572,623498218,709258447594725376,477662077,150926154,2923072369,4351176978,1331354773,1147276440,1632868171,555731239,4507601538,115101698,378552499,108198353,2465862210,86129051,1196793104,2195101268,1163029970,128508867,1288666855,120158285,156921608,287021085,1565432336,751641104,74985376,2773016930,130822837,228271850,2852621401,270802850,111464118,1903582759,63461143,428288293,1647612522,2243990906,2605597950,779509437157429248,2332723700,713012772045348864,2744126239,1476340567,976523503,2789783678,2493043944,154914770,1344776983,158229446,160620697,741941210902724609,176387462,95411578,2278316137,89237626,1550020328,47908556,734046996248465408,209756637,14054246,174432016,3259579002,1214939851,181462291,280046719,616881971,619973341,154764097,2237142252,80860699,111880950,98891949,3010014654,2604611660,3304226066,504670586,143395531,73595806,22360236,515530852,78577879,2383817438,215270961,200392022,124670174,4779249638,723934291,105639187,2906082840,1028603990,3053959400,165256946,4747156993,3020350106,203576003,897549607,1547723784,99256908,759036149687984130,1394659752,2231029604,452206854,3223792212,312523703,744308421298528256,271945805,1413237433,269583605,260214785,313220725,456762011,2367230214,1427842244,3257172907,88103577,5660332,51000475,207588434,305337902,71688342,14483249,230387191,72840900,271446959,89914545,62103993,113559671,88400057,474043610,84617104,2511579210,100912201,1640716315,131035478,2412513164,1704834752,1542832218,473878448,5573352,92283339,287402332,1024020061,2214284466,1733872003,718772633421029376,125598335,113893439,57215295,717012344,1366177296,3237829371,256402505,2885983063,2997349466,103207685,173852199,2270993311,812673573575737344,3167639346,97877512,152568882,2381477892,939149401,3558795492,3182466757,112142558,243933223,68371366,400026244,1427652896,69472367,443462781,255000007,1182118044,311403483,1687488984,2658981814,191366887,1711375848,2881378579,544524702,3309086234,1910610115,172284071,4366551619,357439604,1671505184,2771377226,39318992,84634164,228019907,3688487773,395900997,1510814017,749488564975480833,477375328,3020332068,731004211391909889,1144654094,166446440,51460145,1016464634,342031663,2868987948,745596723192442883,2951775403,125569629,782908712469921793,453912236,69739038,281257371,129230154,146320096,80601495,265761961,732938444532391937,105699879,2842190244,2151176886,2296380523,819701467070099457,444716886,2337439350,697005636467339264,1241285960,3269798672,3148806241,62744328,1680042638,2832331820,240709714,935118805,947345778,3094369380,788538431613710336,164289791,2793934562,1277935184,751628759862611969,444230928,418305249,724433845295017984,1499874158,1635984594,135668109,2781046033,3141678404,724616769126567936,772725649077260288,112675622,495499887,2956051663,2450830255,381391481,132851221,3846622158,2545874550,810493831468576768,111907815,3021901800,265810206,355600538,114606028,69484065,106295294,1031697631,711498075315933184,275778265,111036691,927643128,607048619,113024706,2951289997,362507353,712825972341407744,125178332,333986096,195409750,487385052,1195926110,229780603,2205054823,1733362838,118320082,2257161986,1640228828,3225462864,923139588,569162522,6386322,14731407,162222035,28770889,3266869692,185112212,138443914,550742704,130486983,266777507,755380822266437632,42553433,164165832,271911626,2993903329,232858720,277983045,3155792923,1492769724,330139304,55897052,109146393,4469808732,700005120,4882146885,93291481,3222800863,1320883860,293407200,3014443676,3059645574,123057317,1713119108,4736964470,167959130,3097771242,1226785639,52876801,33466363,319463207,2999619314
740116780551536641,166053929,108925802,2258866224,3277943557,186647848,967585195,241518702,14514082,328530559,54852268,73595806,113697022,4388891539,149585330,25043006,487389327,4711181012,2885344326,47908556,726851210787979264,3402271814,63226619,1476307267,1369359684,2167589748,799627570446667777,178685274,3274075003,3252399468,1427449448,5457302,412165402,1572909170,134752598,120094779,732729301926207488,3688495640,107366362,3006450776,545355018,4648590036,528961416,425057562,3269798672,783916695920320512,3124329918,2873270550,4840101625,2207823462,106684918,953284290,511292542,3043419806,2263777033,84863232,2327511351,278927574,76891783,295531868,2995799155,107042980,71258446,107645385,3220145161,218863611,4830205428,2823394544,2265895489,472985752,278123639,1647738492,122305557,154504848,217998071,2752933818,269632504,2186295889,243165144,2384525437,2850408085,803090686346076160,163041111,3493408212,3267323077,415375895,362486249,98031440,1384684081,1412666898,759321910475788289,4490435714,45116366,277946972,2876664235,264840291,15197042,2299460798,5810152,2267363744,2893641422,174980721,3014443676,728896016246661120,213236608,49116473,6257722,105781620,739298937794793472,178573508,3228930301,170207192,77898979,776416227673518081,3166962408,3070837501,84240596,2210034768,894582775,981531715,266198172,1013024336,235443167,351942181,485235199,1570828464,967692247,151094826,5161091,1207985966,2338020751,140957446,4810722115,592797308,165147560,110705458,767035326,1250752274,734556473880129536,97778363,3947332213,4543695072,116126827,15365284,716906391202439169,768108571682705409,3089307368,112983529,350125392,2423813221,30011055,2207624282,4104111,480202138,86129051,2397470018,17622782,274533438,97877512,174432016,1913156420,106923358,3315835183,3186572377,80860699,5631872,529256619,364322393,511311818,1171293552,71779893,715840055982555137,1690743270,4768642561,2517758286,312523703,1474430012,2974965596,1903582759,806977792449671169,1588368044,55143079,744712467473784832,867423907,2527587546,1368492708,1524514772,2289115692,221302426,749593075194834946,701045705171808258,546728886,992328512,240698532,3998911995,4468236687,200829722,111464118,854858016,82114223,92004114,803976831380508673,146691028,15206901,1274913919,636753909,2219883769,378552499,741993388073844736,69001921,793676027641917444,2505612338,453912236,2153078023,307351224,1013033460,365420087,44628277,2833453320,14283262,733479701390315521,520306331,3035716638,15721090,109832030,100926446,57169686,386928380,223723022,1563237025,126421794,729265190336749569,513734114,1329547237,565141916,2615595660,7611042,820910466234863616,114155473,68312128,4686042043,704091794066132993,3115149804,64361064,1030487389,3043578366,230105403,284575303,1923001070,125171112,123057317,15888322,162368053,916553269,311566253,2811434557,2352734053,153665283,2187858360,302928032,939088549,2953098450,4673443538,160397845,802796128978599937,293909386,2181769143,729636779783917571,3355354512,93354555,203032385,1090641373,1233247134,1729258040,128920266,416876537,249156356,3323015893,141610735,2363841758,1680042638,175241788,2286184658,121117243,1438477916,69014764,221421867,14071487,1572335857,15982204,1580436128,46610863,12740302,1974810612,807968817406087169,111134927,787287532517990400,2514846540,3019862611,1304664565,3183996776,3118908378,467970267,3053959400,495499887,443707029,595525996,232790891,586380468,2347689498,3426467953,2954885077,52028082,4805761782,2675768354,3325221866,2407596964,1356414966,2810118211,4831391,1325826289,185154117,2450830255,1199621377,117913533,2234860657,2509949550,296227951,179959129,134776591,2797292336,3187328923,235865320,2217223704,3143496656,3068161046,708316241102942208,2377323757,1041877309,2916078391,599339287,69876392,3045013996,76930558,177177552,307948921,437749202,777774072,433516270,2931295675,268733631,238016849,4909478833,3282303163,1673122076,766655230213693442,147961646,119044678,325406995,4888081354,1640716315,89982090,136544724,237941305,303036121,1326527461,44940172,190825290,78560756,2296380523,219537009,2999619314,77198783,115694863,582494043,977900888,154152824,2529321883,261562721,2787896394,2221260234,99935747,95411578,1403983866,1583594232,368996234,702642855588663296,2478000512,360623475,1607484811,395900997,3289587768,2267913584,142259228,704619984769544193,2482846543,458359698,82584006,406144362,2416017576,66297785,925078362,1603825117,737075095261188096,1297332128,2343754692,3139636165,1034540978,1589957827,258352199,96301196,2376555253,182887494,764454329365344257,515530852,243933223,86282544,595139186,582786194,454092313,1025942498,2243990906,159212067,793692179470258176,2827206511,176053446,4063498633,582769131,63461143,722019468214317056,524778224,34175088,149946725,3313011139,433195700,126869577,1878666397,1331302118,1389378229,3266835332,784777605358628865,1402369591,270802850,2909429360,304806782,3171131006,557749727,388369087,179374042,105382086,225420705,17123286,2744126239,1453341853,920733390,3935308512,337556529,4693580648,331647240,99065146,109937762,88934299,111868788,4732173733,551091308,2994800682,3061307797,121840316,246120775,95336816,1319610176,196108701,66248781,105829199,443554101,4882146885,3163111248,820482874101014531,605695639,277024032,1863750126,2835512472,20063068,390721669,721648549365059584,1103443658,2489869620,6187612,295626055,108868191,357439604,543416483,2150792004,728000476361285632,125644441,4738509493,854065868,1343914832,160151033,269907583,300735474,161327130,738899638594375680,796199161,3983110578,127850518,145343806,1687041560,36914160,3092684144,109312703,3876073340,717387731505025024,110748603,35202072,1721569584,253938110,1923257508,1516719872,837234816558866432,2711712037,139164333,133354204,780131496,448485458,2468347933,70675887,345654398,181613766,268195377,92925310,4608236540,1628086310,268215436,2170395426,162444870,582661019,2751873764,3013012020,745616877473275906,2349866162,3768714972,162339507,264320265,609720669,1381911260,2605597950,104243106,2750137763,348512679,712825972341407744,526116212,630993052,3359182992,1840846752,239747335,3034250245,2311741759,1706876556,289324309,2938869396,3401711,1881786662,99256908,1354247215,9496792,116152989,788774233,4157877853,108198353,2222602112,566327775,2904052513,1588912886,551111967,528978054,2989083920,321897940,741025203103272962,1344776983,195746332,1420919810,1209260426,438259292,3157063976,121948820,785549586,66601333,4734433003,715573470034145280,232816019,2662515085,1574031367,128215955,141511172,96295896,820298958593372160,3558795492,28770889,196499771,2191464510,16171371,3155792923,177549105,170939623,15114099,1245697345,614065373,1293552186,254783646,191868738,355467508,3272542110,1610344716,142605239,400186751,172633862,183181133,2286383898,17041744,2197954712,223410747,632473568,142880137,750603419241504768,14204588,2495658756,98891949,2464573315,1487057005,264627362,3116344153,477916784,1331354773,1647612522,2195101268,585767501,129077593,327967013,249135370,799750525,115101698,783558192936595456,1145655498,2936111448,2889514765,103412033,158227376,701815858264322049,1524583459,709258447594725376,128508867,192846775,589998701,400720799,3717491292,179059903,2181805320,1071169916,1371665556,2862501254,59161851,4767353802,153339375,559580024,712931060829519872,540045117,3301413588,3165942768,2465862210,131847523,428288293,732247572899713024,280046719,713012772045348864,152568882,14365306,202083315,2623627357,1116748572,62103993,305337902,58327710,203576003,167312754,59111213,376848464,472979573,477662077,3238392042,125598335,2816318186,4713535933,2773016930,287021085,156921608,134448922,1550020328,3187539487,94645451,781398239702503424,144368192,1125217380,110597690,704281113418551296,3037923690,555731239,301488928,120158285,164670171,279995344,2843502012,105086035,4727185891,354036380,2367230214,187937709,68956393,1221853364,2326445898,64723017,2493043944,1178582910,14054246,2278316137,1902071160,754627438676619264,148732002,1196793104,619973341,562773398,765316822988038144,240159914,4676857526,554398448,16412925,135527624,536124258,4886711,3061991610,239026970,2300772428,2322986196,3182466757,329070595,1264224049,2246842249,51000475,3103411352,707636043562901504,537824905,4575757154,3167639346,2332723700,84617104,271916962,736493393690267648,2301116940,779509437157429248,1302456962,6034802,3309086234,566347742,103207685,388462005,155211167,172284071,228271850,3259579002,4779249638,504670586,143395531,99518839,88400057,2770523270,2479331617,200328577,1413237433,209756637,154914770,282854774,763135216357548032,1065660787,566284482,164165832,2993338746,176387462,2658981814,2231029604,3184125042,2237142252,4782826418,5660332,2383817438,1277935184,1214939851,572350830,479367164,1934398956,723934291,831618696,1138418154,88103577,1547723784,160111545,93268087,220942976,287402332,111880950,69739038,2588219065,2729501544,72840900,150203938,4210286480,3304226066,4501201,759036149687984130,154764097,256402505,2601900296,313220725,71688342,1910610115,2604611660,2203134588,260214785,260270202,269583605,4886843202,719668881367937024,99068944,486313134,576051950,150876450,1672184269,113559671,603343668,41335989,68371366,1379454817,271446959,112675622,1711375848,11218912,3257172907,1903846218,1427842244,173852199,1704834752,457142989,60270551,215626926,109519099,758756132,398759235,987733650,578376839,82243014,769054286965776384,2337439350,1476340567,1214934704,1923245996,3194883110,142520853,14483249,400026244,225622369,2151176886,418305249,745596723192442883,163777461,129806087,1050192536,2951289997,474043610,142192585,255000007,1671505184,2956051663,1427652896,563825552,2214284466,2836885075,51460145,113893439,623498218,1574725248,487385052,311403483,477375328,1241285960,732938444532391937,69484065,2771377226,129824349,266497511,3688487773,93291481,2882975708,148268248,2589021998,2724019772,135668109,1423260744,1013431068,2602090988,395265120,2821921836,740379549360230400,267161682,125569629,362401254,1016464634,819701467070099457,562085245,55112346,444716886,233827914,1588025569,697005636467339264,2842190244,381959665,170206582,281257371,17267835,935118805,145993840,262205441,3059645574,149445188,2539568072,150926154,3033693128,114606028,3250239018,2363535474,92283339,3021901800,2489894508,106295294,5704532,2902602613,3018372985,53638750,3066310974,947345778,3141678404,3273648612,812673573575737344,1432180062,1405231680,3400908320,6386322,376667789,594376110,1499874158,711498075315933184,1394168604,3266869692,927643128,217666867,232858720,3825016394,109146393,1713119108,128745563,132404336,105408701,228218753,14731407,103268015,607048619,2257161986,1318631102,755380822266437632,2993903329,362507353,138443914,111036691,4892745408,69472367,195409750,130486983,5532582,550742704,717175388158316544,1640228828,266777507,229780603,124782164,55897052,412268132,4736964470,264543313,167959130,347739325,805396656552218624,732188440901476352
166053929,36914160,135412064,2258866224,109758782,328530559,3040476331,14514082,767035326,113697022,1207985966,2245406827,25043006,146482503,487389327,204850340,1047931026,149585330,246749045,2423813221,63226619,335270348,706607996848111617,126962625,546728886,155211167,200829722,412165402,4384115892,1687641726,4648590036,1369359684,2525250656,1322377722,569396631,18386837,2923642034,185154117,1344776983,1233247134,4711181012,411244259,462170271,837234816558866432,2167589748,3043419806,1427449448,3274075003,3187539487,2415212833,595525996,769080055,2450830255,4888352369,3688495640,120094779,3124329918,187195249,241518702,14884333,362486249,425057562,373995697,362401254,209808681,953284290,71258446,2263777033,278927574,107042980,3269798672,3605152476,740379549360230400,163041111,100912201,123057317,76891783,2752933818,287025479,122305557,132404336,140957446,2186295889,2265895489,1000772838,3043578366,1882306464,243165144,4830205428,2384525437,112983529,217998071,278123639,3282303163,34175088,1412666898,803251242,1226785639,541632610,1350742926,708316241102942208,246161974,127493959,415375895,266198172,1144654094,433516270,98031440,2299460798,2376555253,3157147598,1384684081,62103993,4177561584,102710639,277946972,559580024,3183996776,3919372272,706321454837567488,77898979,45116366,174980721,1558233030,1959027998,2311741759,15197042,6257722,3998911995,2893641422,350125392,803976831380508673,715573470034145280,107645385,2210034768,89914545,472979573,2203001954,120332990,2810118211,810904522285400064,213236608,1451665674,768108571682705409,2527587546,776416227673518081,154914770,2397470018,351942181,105781620,4314553642,51460145,182285285,2793747044,3671517134,232790891,592797308,150876450,165147560,30011055,981531715,83761113,707431048087478273,2370273984,2341519854,1575082188,110705458,820354107911213056,375989152,116126827,106923358,5161091,3228930301,1616925498,3070837501,134776591,2338020751,4768642561,2610019009,967692247,1563237025,2813124824,783558192936595456,2524043402,529256619,3947332213,806977792449671169,1250752274,4104111,2465510798,370956885,4880994851,364322393,2263635158,714522762849570816,274533438,4543695072,716906391202439169,1171293552,17622782,1902071160,1492769724,744712467473784832,350268277,715840055982555137,1913156420,228869032,1130385000,69739038,176634709,221302426,1021642374,202083315,3014443676,334446911,295626055,1065660787,976523503,269907583,1474430012,867423907,223723022,16806855,109937762,769846316092370944,106295294,4501201,1524514772,524276382,1013033460,253938110,762712028628721665,4686042043,1351901850,164670171,511311818,3217461834,55143079,3009826440,1950645085,1588368044,793676027641917444,120417286,1627564316,41997628,1030487389,2219883769,160151033,632433,4468236687,1050192536,907776512,264627362,282854774,127376250,550742704,92004114,2811434557,1680042638,1238806549,44628277,2337272023,2787896394,80860699,160397845,1274913919,2995621339,378552499,442380252,3066266648,15721090,14283262,156128310,2476212301,531428646,2153078023,3035716638,59111213,237941305,3225807060,64361064,785549586,631111251,440692431,1729258040,2876664235,636753909,93354555,732446467852513280,4600734258,108198353,713012772045348864,126421794,69001921,2989083920,1277935184,113676702,2601900296,386928380,1025942498,2909429360,4667060478,141610735,179959129,2326634994,2402675282,490310311,230105403,57169686,121117243,729265190336749569,15888322,7611042,15982204,1329547237,2181769143,398759235,330526489,3139042921,163862538,70675887,433699482,1052492792,702737735035949057,63461143,2615595660,704619984769544193,95899796,3182466757,51000475,721648549365059584,916553269,722036554378555394,416876537,178685274,52876801,12740302,513734114,704091794066132993,136544724,1974810612,125171112,2286184658,46610863,2736697459,467970267,2234860657,2832912835,264920080,302928032,939088549,702196558318563329,1310167417,586380468,2363841758,2558872441,2171995885,89982090,1403983866,769104972269051904,1572335857,3323015893,113946504,2847247915,2954885077,2853249786,239747335,108925802,4673443538,1140299814,47908556,1090641373,4721038777,2953098450,311566253,106693868,777774072,77198783,14071487,729636779783917571,148268248,1610344716,2350790195,235865320,2489869620,4765906634,854858016,69014764,3079609946,1607484811,759036149687984130,610009626,98369037,1304664565,4727185891,554006233,1217604392,2509949550,203032385,66297785,52905641,1103496770,84863232,212237100,3068161046,437749202,734556473880129536,406144362,3426467953,796199161,173380909,296227951,1850095158,2953712178,69876392,111134927,1559952566,109717072,2343754692,3053533080,4911194041,50868244,2425903831,2998358214,220942976,3187328923,1570828464,91386211,998522672,536124258,3075940993,1574278896,1448496253,1034540978,2407596964,177177552,1358838780,11637282,3031523547,1199621377,1326527461,76930558,146103959,3355354512,360623475,582494043,594376110,1253981324,186647848,1543001766,3118908378,977900888,362916147,303036121,156249975,119044678,700005120,551091308,260251167,528978054,220260419,453912236,2216911134,4024611,732487735307423746,3983110578,454092313,4888081354,267161682,1583594232,15410677,196108701,88934299,443554101,2408430457,3328723975,3019862611,737075095261188096,99935747,582786194,154152824,458359698,727421293167960064,176387462,154524581,167959130,3061307797,702642855588663296,2588219065,544524702,181613766,1863750126,49116473,762097522827419649,3139636165,443707029,4608236540,565141916,803090686346076160,96301196,331647240,725843530095063041,1389378229,82584006,747770700497223680,337556529,33466363,1610333215,1337317784,90819024,3048779947,595139186,76232408,2381995062,142259228,764454329365344257,221421867,1713274057,739369157066526723,258617654,134448922,86282544,2523875604,925078362,103710185,2383019011,1548029071,3092684144,1728478885,363441137,4774115832,920733390,2352734053,95336816,1673122076,2351195210,1602120230,3908880314,2711712037,2274644486,111868788,2994800682,738899638594375680,290429718,761627853167341568,104103380,4732173733,3171131006,127850518,562773398,582769131,59360674,794253039762751489,1331302118,780131496,1878666397,153040465,481078768,246120775,121840316,472985752,614065373,348512679,2931249776,1343914832,1162779979,737480665608785920,1103443658,96239925,3876073340,129824349,99065146,1155373262,1499874158,231270578,433195700,3935308512,3170576534,200565066,2992311908,557749727,59654139,2317151762,543416483,200328577,178739064,312222452,20063068,2468347933,152637705,1926892158,243933223,120158285,103412033,2750137763,277024032,2605597950,280046719,820482874101014531,1516719872,25306646,1483863493,717387731505025024,35202072,159678893,354129225,1923257508,4802565872,2448212508,1552496436,2242002734,2464573315,304806782,3045517662,57841747,232816019,3194883110,4738509493,2916078391,268215436,1978288362,546049690,161327130,745616877473275906,4636610047,585767501,325406995,2376778740,1687041560,44940172,2854465332,329064197,143018995,172633862,329732278,15206901,139164333,619973341,138927140,1420919810,1121806164,390031212,162444870,582661019,3155792923,2805243174,2824138381,1666176439,131847523,2443717656,457142989,1242531530,2893328989,176053446,1881786662,1330713522,109492213,1721569584,526116212,104243106,264320265,826064110336946176,92283339,99256908,299990024,2936111448,788774233,4915305672,4849685527,254515182,86129051,1916398525,400720799,78560756,177549105,1381911260,1245697345,156266412,162339507,1840846752,2904052513,376848464,66601333,129806087,111464118,128215955,709258447594725376,255000007,1209260426,820298958593372160,195746332,2801779944,3558795492,1346916284,127193675,2493043944,257727041,115101698,98891949,1706876556,203576003,287021085,4713535933,2810226992,2195101268,3022440614,3401711,313714644,355467508,142880137,2662515085,2383817438,2191464510,170939623,120459554,59161851,90078908,255342023,400186751,101604419,293464914,158227376,1427652896,2744126239,781398239702503424,1674970933,2721756968,2585552538,6187612,438259292,15365284,17041744,2773016930,1647612522,138462788,2465862210,84279864,374299687,2271726385,223410747,821278981,704281113418551296,2349866162,164165832,356018441,3103411352,3100773817,3688487773,1264224049,4063498633,59131160,504670586,324204408,136134010,234755004,1331354773,1116748572,389039227,128508867,703218313833218050,255483495,1903846218,855077462,589998701,3286154971,256402505,172284071,2322986196,428288293,2997995346,269632504,2603220486,152568882,271446959,477662077,1450607336,1813277905,58405870,2599922191,305337902,477375328,2843502012,103207685,3238392042,788538431613710336,2816318186,156921608,2911721516,3006450776,110597690,1550020328,3053959400,2658981814,1713119108,61060753,829124923,2246842249,2865178322,106359350,279995344,2738962363,2332723700,515530852,14054246,555731239,42339245,50690090,731103687997673473,1427842244,240698532,1196793104,88400057,3167639346,135527624,1221853364,248577060,3035595002,196499771,2231029604,2278316137,240159914,174432016,743927479618830336,3309086234,3257772595,102359784,2279869466,585756142,1138418154,2243990906,93268087,400026244,2296380523,779509437157429248,719668881367937024,804705014102953985,228271850,2214284466,178672671,3282680053,896994926,135024885,135668109,801122563225055232,4772779819,88103577,143404547,72840900,2237142252,144368192,1975990291,582803961,3239809249,159212067,1413237433,114606028,456254715,4751366904,143395531,1671505184,5660332,362507353,3145921000,287402332,1547723784,474043610,786526296436121600,2978204420,118391447,2222602112,107753897,732938444532391937,368996234,1214939851,113893439,1711375848,347739325,2386251739,418305249,712825972341407744,292142564,737175983103475713,755380822266437632,376667789,2842304388,769689637614854145,260214785,61769634,200903197,812673573575737344,3259579002,3021325016,3257172907,93291481,14483249,310915403,315102515,789352645563604992,100389301,111880950,209756637,71688342,154764097,420287576,335263371,68371366,766234603661197312,5573352,935118805,445661618,313220725,1469752718,744550453346656256,1476340567,270802850,1910610115,173852199,2623627357,555883563,745596723192442883,41335989,79169816,97877512,14731407,113559671,4779249638,1510814017,760073383476199424,269583605,2325164510,2514846540,5948162,380535413,2956051663,41787094,1640716315,290963073,448485458,1016464634,1704834752,397671438,1163029970,2604611660,717012344,1672184269,105829199,601884446,704230229150027776,538057579,1640228828,125569629,1243118796,444716886,3266869692,487385052,247558355,3004876956,850981166,128796794,261589287,732729301926207488,495499887,2337439350,573273070,1386019038,112675622,2565480336,819701467070099457,805396656552218624,4222761972,69484065,5631872,1241285960,2151176886,947345778,426298505,61435370,2771377226,311403483,444230928,793692179470258176,2307728707,17445709,3059645574,130486983,2951289997,83156849,30445630,697005636467339264,2842190244,485238371,223480254,4736964470,715163937717690370,357439604,174902179,1487057005,338640640,2461133713,3014187578
166053929,2258866224,759036149687984130,328530559,1118255862,14514082,1369359684,103268015,113697022,44940172,138782673,295531868,25043006,487389327,767035326,1368492708,2423813221,149585330,412165402,63226619,1427449448,3919372272,2167589748,2461133713,1188235676,717012344,100939741,68312128,3274075003,3043419806,121346651,3688495640,1588025569,235865320,146691028,4648590036,250314592,120094779,355467508,241518702,36990584,3124329918,4711181012,71258446,2968709888,425057562,2752933818,953284290,362486249,433516270,485238371,278927574,2263777033,152983549,264920080,1713274057,210404823,594376110,2893967965,107042980,554006233,123057317,168554312,163041111,814761708262543360,249023475,76891783,51460145,122305557,3187539487,231984282,990899076,415375895,159212067,140957446,3246164617,785083170802708480,2186295889,2311741759,1412666898,243165144,625533687,4830205428,2384525437,3493986505,278123639,217998071,824279955785666560,3043578366,720451679271960576,3269798672,2909429360,756848580048986113,3147503756,350125392,2232883778,34175088,1951871065,2299460798,559580024,3045517662,98031440,2803300472,3187970742,1009106604,3100773817,1384684081,2489869620,632433,136709555,381391481,2260437121,126421794,296227951,2997995346,174980721,230105403,45116366,57610574,277946972,360948977,77898979,1343914832,266198172,2466221966,100389301,15197042,105141365,3839521,729265190336749569,6257722,716906391202439169,3119545434,1016464634,213236608,1412674033,129824349,2893641422,2210034768,803976831380508673,713012772045348864,776416227673518081,768108571682705409,4885527589,106923358,2397470018,351942181,105781620,1207985966,485274019,4418963652,123193463,1333258045,529256619,30011055,78560756,592797308,154914770,4686042043,165147560,364322393,176387462,3228930301,1582220683,981531715,223723022,487233268,126800837,417973441,3055052659,2338020751,5161091,4768642561,168459870,58405870,149445188,194570881,745335092,110705458,221302426,2390544624,2215502298,406144362,3947332213,806977792449671169,116126827,17622782,96301196,707636043562901504,20574396,738737392773783552,3668926099,731103687997673473,744712467473784832,146800457,274533438,128508867,1171293552,111868788,2195101268,2190383616,1563237025,761177743,1524514772,2464573315,70092657,3998911995,78941164,109146393,114136193,2295784382,1250752274,4543695072,157903696,867423907,1611778938,107645385,1013033460,1913156420,1474430012,546728886,2527587546,715840055982555137,327982066,884035584,2825698788,717175388158316544,2219883769,2881758080,55143079,2811434557,320108889,119801759,108925802,636753909,4468236687,511311818,1138418154,2326634994,748669863535620096,6034802,1588368044,740379549360230400,68956393,92004114,786529720410054657,793676027641917444,855077462,113676702,76930558,3591758413,3014443676,2512078681,165255128,147050013,1274913919,44628277,177177552,14283262,2876664235,2787896394,1510814017,802796128978599937,2363841758,721648549365059584,4104111,1030487389,86714891,154496537,348332056,939088549,2153078023,704091794066132993,386928380,69001921,64361064,12740302,4156893505,378552499,51000475,614065373,93354555,276497380,163777461,160397845,117878511,86129051,2242103750,1234938168,467970267,2234860657,57169686,109758782,1403983866,1223420443,2383019011,121117243,615266918,1102380552,2286184658,2724949586,15721090,2843568066,15888322,3035716638,707213886,63461143,15982204,2615595660,916553269,154152824,631695066,1492885550,141610735,210839148,416876537,2181769143,1319610176,1165846555,200829722,179959129,3466819214,7611042,708316241102942208,128745563,2172527923,2443717656,178685274,1329547237,1974810612,136544724,125171112,967692247,334446911,586380468,177854659,737975587,91545656,46610863,89982090,257277305,302928032,287021085,783691840717336576,448485458,156266412,2509949550,2954885077,513734114,211801337,14071487,3118908378,1572335857,1090641373,1304664565,796199161,312523703,3278025596,4673443538,3187328923,59111213,197270804,4716623179,2937115692,1721569584,777774072,77198783,3323015893,1516719872,69014764,582661019,69876392,2317184737,1610344716,551091308,467036619,565141916,203576003,1607484811,2805243174,1021642374,532853902,385325864,729636779783917571,103710185,282854774,148750065,3068161046,2989083920,158735114,95411578,2475646328,3183996776,759728302487588864,311566253,110138953,120417286,155211167,2953098450,3315835183,66297785,483491356,2601900296,66248781,237941305,457142989,794232145703145473,1326527461,360623475,112983529,1035989251,4310846180,414760126,111134927,1034540978,526116212,119044678,196108701,186647848,2343754692,3229016083,92765772,437749202,222985456,3016357921,454092313,113561741,3282303163,2407596964,4738509493,1337317784,137408171,977900888,164289791,727125719994617856,303036121,2565480336,582494043,3426467953,1199621377,703302223,715573470034145280,920733390,702642855588663296,1530835099,2935354328,3061307797,2800006736,2840823433,3983110578,60314413,78577879,1583594232,595675020,1233247134,124613689,80860699,88934299,96357612,129793458,737075095261188096,925078362,153339375,59417367,99935747,1863750126,2468347933,732158932181901313,104823519,507450159,458359698,159807655,940606650,124616624,2721482023,128377301,1146635629,443554101,3248700662,803090686346076160,3355354512,377443117,3139636165,10726912,718064547291004930,97877512,1902071160,82584006,331647240,2991094890,269699728,2930409302,1389378229,793761787006943232,277983045,2543433007,595139186,508982156,3304443462,3092684144,86282544,585767501,3245862577,142259228,3402271814,2279876474,33466363,266503807,295626055,764454329365344257,749488564975480833,3070837501,228019907,3328854912,95336816,560421099,528978054,2711712037,2994800682,738899638594375680,148268248,185112212,480180905,1025942498,3171131006,1680042638,2931260670,472985752,348512679,3876073340,2376778740,1144654094,2759083950,3327899630,114677238,82751059,2904052513,4608236540,2199874278,536124258,3231525817,345654398,700005120,230326603,243933223,4732173733,115101698,127850518,15206901,1878666397,5532582,108198353,163862538,264627362,71248326,2840853390,4920404047,246120775,277024032,74985376,2352734053,780131496,1103443658,337556529,443707029,1640571146,2417112420,121840316,145277289,90078908,177549105,595525996,239747335,158227376,582769131,1331302118,195746332,557749727,99065146,35202072,3139042921,702737735035949057,143404547,524778224,717387731505025024,53328718,108499170,742240870854840320,543416483,1673122076,2257161986,3935308512,20063068,181613766,62103993,2245330352,433195700,820482874101014531,515387301,2750137763,754997273608589313,400720799,1028603990,142972919,161327130,232816019,2991461565,1921667953,91984544,2296380523,2916078391,9801092,96784888,710807336495894528,523908159,1923257508,788774233,268215436,107550597,176053446,139164333,745616877473275906,1706876556,135024885,2605597950,398653006,172633862,304806782,1687041560,477375328,21074238,615927733,895425440,619973341,93001310,1286198580,1381911260,2773016930,3501948132,162444870,61715767,2450830255,3294338978,41787094,105829199,18386837,11637282,3301413588,264320265,131847523,104243106,139931339,3155792923,3858471734,1420919810,3688487773,1570828464,1245697345,14236392,376848464,150926154,1881786662,1840846752,1050192536,719668881367937024,709258447594725376,820298958593372160,1116748572,376819743,472979573,3908880314,797545694,1209260426,170939623,67271804,481665043,589998701,2158637173,111464118,2493043944,128215955,758756132,453912236,766234603661197312,2465862210,253938110,232585467,1612545812,66601333,2191464510,117132594,2218580412,3558795492,763282227597750272,722243174542868480,584337995,400186751,576051950,2662515085,103412033,92283339,1547723784,125644441,88400057,113893439,98891949,4713535933,1813277905,142880137,1975990291,704281113418551296,156921608,325406995,783558192936595456,463362655,99256908,1862840096,370956885,17041744,501750305,57385998,293464914,3401711,134448922,280519165,380874225,2291460355,1729258040,3303023372,115051311,434285617,182195427,147145341,3493408212,709676384050806784,223410747,2744126239,2429820356,164165832,2997045180,504670586,781398239702503424,438259292,760428984068747264,2332723700,280046719,5660332,3322478408,256402505,2383817438,2427209972,1628340337,607048619,1331354773,734556473880129536,2700802458,255000007,6187612,196499771,3172085576,3238392042,477662077,152568882,745243332016668672,271446959,550742704,47585796,2589021998,305337902,428288293,103207685,2246842249,120158285,561042124,174432016,89599240,1903846218,722631382208352256,2349866162,488170007,100735582,357439604,4501201,2816318186,2882975708,738620028837203968,162339507,1550020328,555883563,30221731,2658981814,373995697,172284071,72840900,200328577,7185672,3053959400,110597690,4727185891,3017982517,3167639346,3246438852,515530852,1647612522,1196793104,582786194,200903197,3103411352,555731239,4880807249,25784387,938260682,112675622,3309086234,605695639,308971641,2402675282,726446347113525249,18468872,1182962166,279995344,2322986196,1159813495,2243990906,1962030606,1668013274,1427842244,2495658756,3724739232,1214939851,1388670530,135668109,387488608,769689637614854145,779509437157429248,50690090,2278316137,14054246,1733362838,3323090534,136430788,759708900966838272,135527624,1483594188,400026244,1221853364,2237142252,105182381,90502273,88103577,203032385,269583605,2823394544,68371366,1413237433,3259579002,1453341853,474043610,2214284466,111880950,90522012,143395531,79140677,114606028,287402332,2816721649,1671505184,362507353,487385052,482408853,582755594,861010784,2231029604,3269892822,1277935184,228271850,3257172907,4222761972,1427652896,173852199,732938444532391937,1711375848,260214785,16437836,109519099,71688342,2953712178,755380822266437632,1340864803,935118805,496792736,79169816,93268087,1140315960,4063498633,2262071946,154764097,418305249,313220725,14483249,233510956,179059903,419515470,254489558,2617532814,444716886,4325708541,2371870938,2193422712,93291481,4779249638,2356542222,113559671,745596723192442883,1910610115,2956051663,812673573575737344,14731407,1704834752,362401254,1242531530,234755004,1640228828,495499887,185154117,231748973,43530343,1672184269,819927354826899458,270802850,125569629,3266869692,2604611660,209756637,1241285960,479464752,819701467070099457,2539568072,2151176886,947345778,714670927355781120,141592399,5631872,789352645563604992,3036533292,229845375,69484065,805396656552218624,2771377226,311403483,3059645574,376667789,199213418,697005636467339264,1613064720,3064881446,15491520,2337439350,6386322,3021901800,723934291,111036691,837234816558866432,281257371,219655396,1264224049,1476340567,105699879,2203001954,84240596,2951289997,99518839,723748072635813888,179561709,154524581,4736964470,927643128,2525250656,496640757,160151033,396972310,3378734532,562773398,3135228378,130486983,4773361567,2571196298,3313011139,3141678404,2842190244,2207624282,266777507,2783637200,2193852151,124443587,138443914,632473568,799813018917814272,3182466757,711498075315933184
166053929,2258866224,328530559,3182466757,984450056,14514082,149585330,25043006,159212067,487389327,1369359684,113697022,2423813221,63226619,146800457,807763070432866305,614065373,412165402,767035326,1427449448,2167589748,3274075003,3688495640,84863232,3043419806,241518702,120094779,1011315967,3124329918,4648590036,425057562,71258446,3268635361,362486249,2999619314,2912719910,2721238981,2752933818,4556832800,454092313,953284290,1880174226,967692247,739862425,4711181012,278927574,2263777033,1233247134,378552499,211800955,69472367,153339375,56416155,2918392296,1946577218,107042980,1640716315,76891783,2186295889,122305557,163041111,260251167,187195249,485235199,1412666898,415375895,140957446,123057317,349170922,628834229,4830205428,83350104,1297618332,59111213,2384525437,5573352,766374990799376384,116710761,2367230214,45116366,710825790405881856,278123639,14205810,274776417,243165144,217998071,2299460798,98031440,1384684081,174980721,239026970,3193447190,502391544,3043578366,84279864,738880076050092032,277946972,1907890560,77898979,559580024,768108571682705409,15197042,3269798672,1524583459,6257722,34175088,128796794,266198172,355467508,381391481,350125392,379382447,2210034768,3332815460,364322393,2893641422,716906391202439169,2427209972,135844145,301488928,2329724618,714117104446758912,1090641373,213236608,803976831380508673,1207985966,105781620,1718749248,1021642374,776416227673518081,4768642561,362401254,110748603,2756764825,351942181,2397470018,106923358,529256619,4795249712,542174500,3228930301,3947332213,191730580,142605239,2527587546,2337272023,2883203258,744712467473784832,129824349,477375328,110705458,165147560,30011055,1530835099,592797308,4781959382,14365306,154914770,2338020751,1185681416,223723022,1558240716,4686042043,139931339,3187539487,227612556,4468236687,1035989251,3139636165,708088606619869185,721648549365059584,981531715,126421794,221302426,816211199276687360,5161091,3156133814,4042936273,780413930891988992,2311741759,274533438,4104111,981919002,806977792449671169,718064547291004930,182285285,143395531,17622782,3006655818,109519099,5660332,1171293552,1524514772,867423907,1013033460,3998911995,4543695072,3273648612,1913156420,1250752274,178685274,173852199,176881179,531428646,988918410,546728886,67624535,1563237025,1474430012,86129051,1713274057,3145962408,116126827,715840055982555137,78560756,3309086234,1640571146,130486983,55143079,1036891830,44628277,2219883769,1588368044,2811434557,2420085036,636753909,793676027641917444,749593075194834946,3190888184,171543495,701390256273117184,511311818,176387462,565141916,2514846540,1001251453,264920080,2260437121,230387191,1274913919,3105614846,782369310,178672671,386928380,704091794066132993,448485458,107645385,2876664235,763135216357548032,16979586,1500653940,4673443538,2431752571,18468872,35202072,304806782,2414594634,183079588,2787896394,925078362,14283262,3035716638,554006233,4922886674,64361064,561042124,1030487389,2363841758,334446911,1060667774,1214934704,163777461,939088549,2153078023,2799252552,17123286,487370364,176081290,92004114,69001921,295311678,57169686,740379549360230400,2286184658,3187328923,230105403,799437571273039874,830254400375382016,60013265,260270202,305337902,67307203,3014443676,75304702,524778224,12740302,93354555,467970267,220942976,1403983866,4657100473,2234860657,3902322613,121117243,15888322,472985752,729265190336749569,63461143,13989152,7611042,200829722,916553269,125171112,728584994629672960,416876537,15982204,2615595660,2181769143,2954885077,513734114,630993052,1666176439,1304664565,89982090,141610735,2914830498,4882146885,1329547237,2475304848,1397427949,4803016664,1128022554,15721090,136544724,586380468,1103496770,61769634,1974810612,46610863,302928032,737891942789419008,2936111448,138462788,14071487,2953712178,287021085,540045117,7185672,542159734,2509949550,380535413,1462827506,143334718,1572335857,126249409,2495658756,196499771,5819432,129030828,179374042,69014764,107550597,2722552821,2500643114,2520501060,3007915002,3426467953,69739038,179959129,2928258564,77198783,513450543,1141254258,777774072,3019862611,3323015893,2601697879,69876392,235865320,1610344716,160397845,33466363,88934299,3068161046,296227951,796199161,729636779783917571,264627362,1607484811,4608236540,551091308,1205285521,237941305,3170576534,66297785,1732893642,101987838,3118908378,526116212,177549105,177177552,1034540978,119044678,1087896535,1326527461,1448496253,347739325,976523503,72030436,751641104,360623475,1673122076,744495571566661634,112983529,2711712037,186647848,3282303163,196108701,111134927,65945993,376819743,704930243325329408,319489095,1337484248,151158749,1628508007,1139059188,2953098450,437749202,977900888,311566253,1929743694,73108783,303036121,803090686346076160,582494043,89914545,107366362,71567394,2492677032,2412513164,76930558,3061307797,2343754692,1155373262,702642855588663296,331647240,1583594232,1241685150,920733390,2407596964,1199621377,2468347933,4507601538,99935747,737075095261188096,1863750126,458359698,154152824,2591742661,269907583,198878894,443554101,62488150,3983110578,1344776983,2300772428,105829199,793721890665668608,95899796,166857250,595139186,2489869620,61615918,96301196,167240403,82584006,757793294,1389378229,2259668976,142259228,2391414840,3125825490,1125217380,3355354512,16171371,569561320,4378187414,86282544,3095924610,3092684144,406144362,764454329365344257,585767501,95336816,2381995062,2934753086,2242103750,295626055,2383019011,282854774,289403800,3268018452,111868788,148268248,4351176978,2994800682,738899638594375680,708316241102942208,57841747,2750137763,119558224,582769131,1687041560,1025942498,97778363,3171131006,3876073340,4738509493,2909429360,793384641637908481,2896024994,2904052513,337556529,4732173733,2265895489,115101698,224171470,2810604966,1878666397,2809895695,246120775,277024032,820482874101014531,127850518,121840316,780131496,717012344,1103443658,1474376978,3272542110,855077462,100378724,3360230479,486253937,269632504,837234816558866432,1217604392,139164333,195746332,1680042638,443707029,1368492708,760062511278284800,1261895252,457142989,348512679,2918152536,239747335,426462761,357439604,557749727,765414140,433516270,99065146,1343914832,717387731505025024,329671355,287025479,268215436,1331302118,158227376,69651070,99068944,1016464634,2426591083,181613766,910307893,20063068,400720799,543416483,3935308512,80860699,2352734053,2907983599,1651539458,232816019,1923257508,2493043944,788774233,433195700,176053446,582661019,745616877473275906,203576003,708994110678388736,802595731,172633862,830413730,594376110,44940172,1706876556,1112697036,1264224049,619973341,161327130,2605597950,528978054,1381911260,1881786662,131847523,2773016930,301338061,3030049807,2989083920,127875443,2916078391,729559098367221760,3183996776,3724739232,4920852000,162444870,264320265,98891949,1735620684,3688487773,1116748572,1516719872,709258447594725376,2810118211,104243106,376848464,243933223,1840846752,148608218,238016849,79169816,1245697345,1420919810,1721569584,66601333,582786194,108198353,3155792923,320703161,2191464510,142880137,2229758856,3313011139,102944802,1209260426,240698532,128508867,120133218,247558355,170939623,389950297,720909790440849408,803919831472840705,411629497,820298958593372160,2858688673,250016546,817566381134618624,472979573,103412033,400186751,128215955,3558795492,1510964652,111464118,90078908,2662515085,629920617,15206901,896994926,2889514765,2829605666,3815427554,4640023230,2195101268,2465862210,88400057,2781248400,2396823888,1934107292,100389301,75828566,67044796,17041744,156921608,695657294277668864,14648146,113893439,395370551,1902071160,223410747,3303023372,232585467,3155992028,783558192936595456,1547723784,202554323,504670586,164165832,4713535933,120417286,2245406827,781398239702503424,2450830255,109937762,3401711,2744126239,99256908,271911626,196503158,810129963349262336,2793747044,4388891539,2246842249,3070837501,2735225215,584474038,109759976,2332723700,3841939212,788538431613710336,2172527923,280046719,256402505,1438780542,51000475,176002709,477662077,3238392042,400026244,138778332,2402675282,1331354773,287402332,152568882,174432016,4078875493,110096249,271446959,1427842244,438259292,589998701,2816318186,428288293,1903846218,120158285,266580344,173726630,819442086009155584,515530852,92283339,2383817438,2322986196,181462291,1196793104,264765192,103207685,713012772045348864,110597690,151871357,2935354328,728152188917178369,4738384230,828337118,325406995,722019468214317056,108925802,1550020328,534895619,748900944511770625,760491082178191361,72840900,785549586,821278981,2658981814,3167639346,3266869692,2644252962,370956885,803251242,1570828464,737975587,3053959400,279995344,1646990648,2386251739,135668109,296808176,986764788,172284071,555731239,281588490,779509437157429248,2278316137,1440621121,430594344,135527624,300233601,1214939851,246909073,200903197,772105398278950912,71688342,3250239018,1319610176,88103577,2237142252,1413237433,2349866162,1973449213,2243990906,255000007,1006094587,2893328989,2199397088,269583605,14054246,253938110,474043610,2862501254,97877512,783916695920320512,1161765811,453912236,49116473,114606028,732188440901476352,1221853364,68371366,1671505184,150569759,111880950,94488883,291644885,1474119403,112675622,173380909,376667789,2151176886,279181654,2490690866,1706330340,3016740481,116399040,1360541562,3846027914,9496792,260214785,1328279802,163862538,134448922,1396874545,2263635158,2214284466,1427652896,362507353,2541567648,704281113418551296,854858016,319463207,112681712,444716886,759036149687984130,806903013201702912,313220725,3257172907,732938444532391937,2886459654,109832030,759708900966838272,1277935184,3259579002,175521153,2991094890,2999530747,233533922,1711375848,793692179470258176,595525996,36914160,228271850,1647612522,67304643,6187612,93291481,935118805,3139042921,755380822266437632,2982043728,3103411352,3246031,4427481488,209808681,894582775,2231029604,2956051663,125536842,53064480,93001310,2951289997,113559671,362409515,742835747372163073,745596723192442883,1499874158,125569629,186738141,3221008237,1910610115,59654139,3168683118,14483249,784553587284254720,1704834752,14731407,154764097,388369087,418305249,495499887,3315996854,162339507,118974500,1640228828,1241285960,819701467070099457,6386322,711498075315933184,487385052,3131527018,2238859284,2429820356,1672184269,51460145,93268087,4779249638,154524581,405313158,229126526,11588872,69484065,947345778,202083315,143404547,200328577,701508926471168000,402615426,812673573575737344,281257371,5631872,487237889,2604611660,270802850,805396656552218624,3059645574,2771377226,2191448756,2601900296,14204588,2337439350,697005636467339264,3454962198,3021901800,311403483,2623627357,115694863,450577915,746606178902237184,4678387274,113746111,2736697459,797545694,232858720,1302456962,289850405,4736964470,2993903329,104103380,3301413588,927643128,2832912835,195409750,2414177190,129387596,734556473880129536,225420705,138443914,16069066,193702517,4501201,2222602112,102340528,333528022,94289754,2190627913
99935747,89558665,280092340,710834095865987072,166053929,4249471152,712060276498046976,2258866224,328530559,51460145,14514082,2386251739,2186295889,149585330,4388891539,379382447,144366284,25043006,2258705023,3092684144,562773398,487389327,1369359684,2936123790,69876392,710577252866457600,2999530747,217294345,705760993800904705,105829199,1499874158,113697022,2423813221,84863232,1680042638,2736697459,63226619,66341567,412165402,1427449448,767035326,3688495640,2167589748,3043419806,1264177772,3274075003,241518702,4711181012,557595892,4673443538,120094779,803251242,3043578366,108050771,595525996,3124329918,425057562,4648590036,40371618,362486249,99846354,71258446,2752933818,4882146885,278927574,866275639,2862501254,953284290,2263777033,349489505,2993596106,107042980,45116366,1412666898,4347450794,1180547846,3182466757,347659284,323459782,163000984,768108571682705409,294639882,76891783,140661586,541106421,4830205428,122305557,34175088,211056123,516595727,4851471,415375895,803976831380508673,140957446,130822837,163041111,448485458,2384525437,278123639,77898979,123057317,107645385,553486949,200392022,217998071,743084460,2299460798,1384684081,98031440,174980721,799750525,2150204197,2880107052,2876664235,2805172543,243165144,124782164,350125392,277946972,266198172,1640571146,1207985966,100735582,967692247,15197042,769689637614854145,840729144,116609645,284950784,6257722,2210034768,364322393,1337317784,1530835099,48615601,776416227673518081,274533438,2402339690,125569629,2893641422,716906391202439169,867423907,105781620,213236608,4768642561,794253039762751489,565141916,3282303163,10065202,106923358,764261509136420864,799054495778902016,3248700662,173726630,43530343,351942181,529256619,148268248,305337902,2946766058,559580024,2397470018,744712467473784832,223723022,3228930301,110705458,362409515,3947332213,142605239,1472283782,2338020751,3034388359,3269798672,2562192804,343424447,2457870236,117913533,165147560,2949357883,4686042043,112983529,30011055,4468236687,143395531,592797308,221302426,2928235770,205278010,398759235,15721090,981531715,1310167417,806977792449671169,150876450,3165942768,154914770,1319610176,3998911995,62427717,2962883162,487233268,17622782,709008177933590529,355467508,325421965,5161091,4104111,721648549365059584,69472367,496792736,1524514772,109937762,2975136968,1171293552,2937802310,1013033460,1309929175,311566253,1214934704,4543695072,3187539487,3315996854,1913156420,1474119403,44628277,166857250,707636043562901504,1474430012,546728886,2527587546,793676027641917444,14321173,927680065,715840055982555137,153339375,1250752274,194481637,1103496770,1713274057,78660259,534895619,2219883769,55143079,777627996,2811434557,1588368044,2279256234,1563237025,57385998,636753909,340859143,128508867,5631872,116126827,2199625903,179094450,2880648721,2153078023,386928380,511311818,786526296436121600,1274913919,247558355,124178162,162339507,704091794066132993,1030487389,121117243,69001921,106359350,433195700,241946031,1633134696,2787896394,57169686,2286184658,2615595660,698749228126834688,2304659881,124670174,14283262,354036380,1088016349,378552499,264627362,160397845,51000475,260251167,2350082330,64361064,3267323077,210486446,480180905,2363841758,2953558980,4157877853,12740302,5524732,1118020038,939088549,2311741759,7611042,1906247766,1403983866,2730890270,2234860657,230105403,2272411034,3035716638,416876537,15888322,93354555,387115487,1001410644,2489869620,729265190336749569,1304664565,3187328923,168607318,467970267,250016546,176387462,200829722,741993388073844736,128266576,3155792923,2203134588,1329547237,63461143,1199621377,916553269,1974810612,293407200,178685274,1147276440,3112776163,30221731,92004114,125171112,2954885077,2417112420,15982204,554006233,56990205,183237475,1245697345,302928032,2181769143,89982090,586380468,3014443676,3402271814,118714827,62103993,3321099067,1690429566,605695639,46610863,1090641373,129806087,97824015,701508926471168000,14071487,16739926,186647848,84617104,215626926,136544724,1433175403,2354994482,740379549360230400,513734114,103045051,141610735,1572335857,287021085,186125732,315102515,2509949550,777774072,77198783,731103687997673473,2947813885,91545656,3068161046,1138476499,3272542110,69014764,90078908,61615918,3050035860,76930558,113676702,150926154,454092313,1610344716,235865320,3323015893,2262817880,83156849,18603165,2523856999,88934299,398653006,458937307,2999619314,296227951,3426467953,2711712037,940606650,287025479,237941305,526116212,177177552,3167639346,1603825117,240709714,243933223,95020329,157163299,253938110,4507601538,284426674,1607484811,1034540978,66297785,729636779783917571,2289543564,17041744,796199161,1699232659,101741110,119044678,360623475,610909079,1368492708,1326527461,179959129,551091308,196108701,837234816558866432,1233247134,1344776983,2343754692,977900888,803090686346076160,2263914536,437749202,117132594,127193675,331647240,4608236540,1376873455,2407596964,303036121,264920080,111134927,163777461,47588660,582494043,154764097,507450159,437515024,209808681,702642855588663296,65992806,4721038777,595139186,95411578,3061307797,3118908378,158584247,129026670,2322986196,92765772,2893328989,227612556,103207685,743384838573428736,1583594232,3983110578,585767501,2468347933,737075095261188096,761914655195357184,3139636165,3328723975,82584006,65828572,126579510,1175933119,458359698,154152824,1863750126,920733390,1189391060,740848638944006144,383856076,443554101,3876073340,89237626,4384115892,916433802,2829605666,3059913775,1555243232,925078362,3138235922,2916078391,2953098450,582769131,472985752,113893439,163862538,802796128978599937,3401711,96301196,535874556,1409334038,1389378229,142259228,764454329365344257,1036891830,295626055,855077462,1384127785,254515182,86282544,71726403,95336816,2994800682,1331302118,2371379826,3108518246,111868788,2262071946,2750137763,1035989251,3020350106,246120775,738899638594375680,107220190,139164333,432145272,1665379862,1103443658,2195101268,99065146,1025942498,3769584913,1356414966,1130385000,3031898333,2418303258,129140893,3171131006,204850340,126913884,446997010,277024032,4797964027,5573352,3177381282,4485943699,3196269806,173809284,625678995,935118805,4120233199,3355354512,337556529,745616877473275906,115101698,11637282,79169816,2909429360,820482874101014531,1878666397,2904052513,4738509493,3245862577,406144362,4732173733,58405870,1343914832,127850518,121840316,261589287,780131496,115694863,195746332,44940172,232790891,3304226066,738364644390146048,2450830255,217503187,268215436,2493043944,2515078770,557749727,239747335,717387731505025024,135530118,400720799,104103380,627986497,35202072,181613766,20063068,78560756,176053446,3208854919,347685856,304806782,2465862210,2556116720,348512679,1962030606,36990584,376667789,2721482023,232816019,158227376,1923257508,2217709740,4399844120,1209260426,2489770873,3935308512,543416483,788774233,177549105,264320265,582661019,2475304848,83868996,203576003,1706876556,3538415833,477375328,172633862,443707029,1223420443,614065373,89914545,17123286,813318060626964480,3278098208,601548919,282854774,3669620240,131847523,162444870,258172643,619973341,427093744,1881786662,763135216357548032,1687041560,2352734053,2937115692,1381911260,98891949,2260437121,2326634994,269907583,2773016930,2605597950,400186751,389950297,2191464510,515870556,2997349466,161327130,4727185891,709258447594725376,3688487773,266580344,66601333,53599543,20574396,4911411764,108581537,1116748572,772152345710833665,376848464,2245406827,1462827506,4755726978,2928258564,820298958593372160,1840846752,142880137,1340497334,1673122076,2556823237,107550597,1588025569,88400057,3176137200,805051375549751296,3313011139,433516270,36921425,80860699,301488928,1850506747,1732893642,2744126239,1516719872,16979586,3316714052,104243106,457142989,2280673579,111464118,1479525792,108198353,1721569584,1420919810,2885344326,4255373652,2645052457,170939623,126421794,472979573,582786194,744471838869200898,103412033,708316241102942208,3558795492,2243990906,976523503,474043610,125058996,128215955,59111213,1612545812,2662515085,73595806,156921608,223410747,799627570446667777,438259292,504670586,264765192,2658981814,708265006224244736,14054246,164165832,1547723784,544524702,2332723700,4713535933,783558192936595456,3283072914,2246842249,3145921000,2816318186,528978054,400026244,5660332,1139953140,256402505,363441137,373148342,1628086310,781398239702503424,3217461834,6187612,1613064720,717694753,135527624,536124258,228019907,67271804,12286282,785549586,477662077,815897614478495745,617025273,737975587,280046719,527340273,726446347113525249,1570828464,741930165907787776,515530852,99256908,4518495380,16412925,1674579972,105639187,823861098289897472,196499771,62261018,3238392042,84240596,271446959,174432016,152568882,4769165977,1427842244,120158285,1331354773,1330713522,1196793104,428288293,75246193,2383817438,2989083920,112675622,2447077172,3183996776,2237142252,589998701,3053959400,1550020328,72840900,1476368089,1687488984,287402332,555731239,772829831331315716,2456535746,3309086234,3302413212,487393832,3252399468,63470648,110597690,1903846218,212823739,15206901,713012772045348864,779509437157429248,3122765556,357439604,93247238,947345778,1427652896,4378141,424228942,279995344,2540787246,110370372,139865857,1413237433,9801092,97877512,2278316137,220515374,3100773817,269632504,88103577,14569397,232585467,788538431613710336,71688342,4706662398,4501201,2661526758,98369037,280519165,1214939851,325406995,92283339,269583605,172284071,2771377226,114606028,1671505184,150203938,1579360940,260214785,68371366,313220725,1221853364,93291481,2367230214,759036149687984130,2589737796,362507353,2793747044,795157922506383360,4797891252,1934398956,393421706,132144376,2214284466,1863418321,111880950,95809187,566327775,395605252,268762996,1711375848,3257172907,2552446538,3614343854,53638750,732938444532391937,747770700497223680,801122563225055232,174902179,1902071160,2263635158,1016464634,2231029604,484009590,109758782,2349866162,2489894508,173852199,249023475,178672671,3259579002,159212067,1088886354,2151176886,1277935184,152983549,135668109,370956885,2275037991,255000007,819701467070099457,444716886,1065660787,1185681416,228271850,349658830,181462291,134776591,4779249638,95899796,255483495,4325708541,701292714055237632,3070837501,1647612522,2916860056,495499887,779574692155764736,2956051663,755380822266437632,2951289997,222303739,1704834752,113559671,2880750097,2434807538,745596723192442883,1366002283,1910610115,1241285960,2858688673,91386211,2451643429,112417515,14731407,14483249,715573470034145280,2242103750,1640228828,179374042,6386322,3015115859,2245330352,2900259174,4888081354,711498075315933184,195409750,2601900296,2880794623,418305249,234755004,178739064,3266869692,2474911159,281257371,163851648,69484065,84279864,802595731,154172251,3039334321,487385052,362401254,1672184269,3059645574,390031212,453912236,134448922,805396656552218624,1112697036,96852904,130486983,107366362
166053929,220942976,783558192936595456,2258866224,328530559,245773478,14514082,149585330,116152989,2669831720,25043006,487389327,490361593,555818321,1369359684,2330188698,113697022,1384684081,2423813221,217998071,1427449448,98148497,154522207,767035326,412165402,63226619,3688495640,2167589748,3274075003,94289754,75789891,125043651,25306646,3043419806,241518702,4736556499,158729463,3043578366,120094779,4711181012,3234855203,357439604,3124329918,4648590036,178672671,726851210787979264,59111213,3007915002,2752933818,834110205755432960,3493408212,278927574,425057562,2263777033,362486249,465944817,124613689,71258446,1713274057,953284290,2876664235,107042980,77898979,200403757,4830205428,2434807538,294639882,1016464634,223132798,1412666898,3050035860,2986447273,76891783,2391414840,45116366,122305557,4924576459,2601900296,2186295889,2384525437,3909041,3250239018,86282544,415375895,2882975708,2875251469,140957446,1420919810,513734114,2541567648,278123639,1633134696,163041111,2299460798,266198172,543416483,123057317,529566623,98031440,3998911995,174980721,243165144,15197042,740379549360230400,350125392,277946972,2902602613,107645385,768108571682705409,1207985966,594376110,867423907,66601333,776416227673518081,74708225,364322393,2210034768,2450830255,6257722,1647738492,1929743694,2805243174,1544696269,448485458,360623475,4768642561,714068076262596608,406144362,319463207,106923358,2893641422,2424584976,105781620,3272542110,34175088,102593218,803976831380508673,716906391202439169,4782826418,351942181,213236608,529256619,11588872,744712467473784832,866275639,2397470018,223723022,1346916284,9496792,14365306,379382447,4463344212,126913884,110705458,2880750097,102890665,165147560,274533438,302928032,3947332213,3228930301,2338020751,196108701,1640571146,1171293552,123786839,546728886,221302426,2868894564,4468236687,4439967614,1331175703,559580024,30011055,592797308,4543695072,100465835,981531715,806977792449671169,203576003,17622782,4686042043,1013033460,721648549365059584,3109652916,2911818157,1366995445,5161091,582755594,1331302118,715840055982555137,1524514772,2827418485,53638750,154914770,140661586,801122563225055232,3187539487,610909079,146800457,44628277,8154052,751315786480758784,2773016930,764261509136420864,1559952566,3269798672,1913156420,1474430012,2527587546,636753909,2219883769,793676027641917444,177177552,131847523,565141916,1588368044,354129225,265761961,232491153,800185467538788352,3194883110,2787896394,3053959400,3031667206,79169816,55143079,2811434557,116073197,266852045,95411578,1030487389,2615595660,57169686,386928380,1250752274,2286184658,437749202,1462827506,1076426167,7611042,1031697631,704091794066132993,2180394756,12740302,478259294,3022689258,2153078023,1274913919,706784413258940417,4661313559,511311818,14283262,467970267,1563237025,264627362,256491914,4104111,280092340,159212067,982187570,3846027914,232622398,116126827,416876537,121117243,2363841758,939088549,479367164,69001921,1403983866,1304664565,64361064,378552499,2474911159,200829722,2993218998,230105403,373383877,15888322,289850405,550742704,160397845,2234860657,162339507,487233268,3187328923,729265190336749569,237941305,15721090,1125217380,2991262573,3245862577,93354555,1329547237,793384641637908481,1065660787,89982090,151354701,63461143,178685274,125171112,2954885077,916553269,2336705432,3035716638,74985376,15982204,1974810612,3043285524,3282303163,723521226656768000,2181769143,806903013201702912,586380468,1118020038,2407596964,2529321883,327967013,1646990648,1090641373,347659284,454092313,176387462,92004114,4375821379,186647848,2367230214,2354008052,14071487,1572335857,143018995,1350742926,287021085,46610863,1199621377,136544724,1610344716,362401254,777774072,2311741759,2509949550,1153176726,2251387002,1626777120,3068161046,77198783,1577744593,2451643429,4673443538,534895619,98369037,141610735,5573352,3014443676,129793458,1698121500,858281910,69014764,3149412728,112983529,551091308,69876392,49832159,803251242,296227951,1326527461,3223792212,472985752,88934299,235865320,2711712037,239747335,837234816558866432,2429820356,526116212,103045051,554006233,3323015893,105829199,3116311070,17041744,3983110578,22360236,782603013110149120,1034540978,1233247134,702642855588663296,1451665674,61615918,4888081354,106722289,66297785,84617104,2221260234,303036121,4835115090,1607484811,3426467953,91386211,119044678,803090686346076160,977900888,729636779783917571,595139186,251632488,304806782,331647240,796199161,2343754692,3061307797,786526296436121600,88385720,580686083,311580251,76930558,337834021,440692431,582494043,3139636165,92765772,145993840,82584006,920733390,2464573315,2994800682,179959129,111134927,1583594232,2363535474,727158548640096256,189092808,3042938034,153339375,148268248,320115927,1277935184,99935747,75723508,1022365458,2489869620,737075095261188096,458359698,2245406827,2468347933,154152824,3876073340,248753408,2461133713,2301058656,177549105,479464752,1926732336,3301413588,3092684144,1863750126,1214934704,443554101,295626055,2301116940,14236392,488170007,736458590211301376,482745693,925078362,214341502,211814797,1721569584,4769165977,2756764825,585767501,78560756,1588912886,1389378229,11637282,124782164,370956885,4608236540,49116473,321897940,211801337,2750137763,3118908378,96301196,582769131,3322514652,98900031,747099471301906432,311566253,1349543347,248577060,745616877473275906,376667789,142259228,831618696,5631872,764454329365344257,2829605666,95336816,108925802,1391651174,305337902,200535152,2953098450,246120775,269055030,111868788,152983549,99065146,20909451,277024032,1343914832,3171131006,139164333,1103443658,301488928,738899638594375680,17445709,4671383360,1025942498,115101698,337556529,44940172,1878666397,2904052513,2465862210,99518839,820482874101014531,2909429360,4732173733,282854774,707636043562901504,2916078391,400720799,1466274936,636500782,127850518,195746332,121840316,2744698645,4738509493,1011315967,780131496,1516719872,536124258,1310515812,268215436,264320265,717387731505025024,264920080,27829621,35202072,238016849,2493043944,3355354512,276311612,176053446,557749727,172633862,3194931222,152999776,181613766,84863232,88400057,149445188,2493888254,3266869692,162444870,88103577,744181377327763456,20063068,1706876556,232816019,109937762,830413730,582661019,158227376,1923257508,1209260426,1245697345,267161682,788774233,154496537,718064547291004930,3935308512,2744126239,66341567,161327130,348512679,2193422712,477375328,1881786662,768041978353229824,1396154448,741823581093404673,916433802,619973341,1243501165,820298958593372160,1381911260,65806039,361590259,1687041560,120459554,186125732,111464118,614065373,886241821,728812016693956608,14054246,433195700,709258447594725376,2243990906,124670174,103537950,3891921732,36921425,528978054,108198353,714522762849570816,400186751,1402369591,376848464,1242531530,128508867,2191464510,3688487773,98891949,2605597950,133985687,2352734053,1116748572,1840846752,103207685,1394475098,443707029,15410677,170939623,156921608,142880137,149946725,474043610,976523503,3401711,582786194,189777619,388369087,1051148726,104243106,2381995062,1165846555,103412033,3558795492,601548919,246909073,472979573,2721482023,1474305824,595525996,1680042638,457142989,815603804,967692247,1410020827,181462291,355467508,1673122076,1612545812,128215955,1903846218,1035989251,3003274104,3225807060,2658981814,1672184269,446997010,1547723784,1368492708,2852813784,555731239,6187612,2662515085,2195101268,2429984528,476878366,745243332016668672,2899928706,1632868171,195409750,280046719,223410747,80860699,255342023,4501201,109758782,115051311,781398239702503424,504670586,2816318186,400026244,1274187872,2332723700,164165832,256402505,2197442978,150569759,112675622,347685856,143404547,438259292,279995344,271446959,723934291,113893439,51000475,97877512,477662077,795927309467271169,152568882,708316241102942208,5660332,2246842249,184732924,213652446,2386251739,108020345,4713535933,135527624,417973441,174432016,377443117,108868191,2468761686,3238392042,740888638540521474,2237142252,287402332,562773398,2495658756,1550020328,515530852,185602827,711498075315933184,99256908,1071169916,545119130,274876349,3167639346,4779249638,428288293,766234603661197312,183181133,1427842244,120158285,1331354773,234755004,788538431613710336,715573470034145280,2322986196,72840900,343164845,729503358914953216,107980971,737975587,64723017,3155792923,2258826019,1413237433,1196793104,3309086234,2383817438,92283339,50868244,589998701,260214785,243933223,2514846540,2231029604,566327775,60944774,779509437157429248,71688342,496640757,1728252884,1098403682,110597690,52876801,713012772045348864,4821154994,90078908,1427652896,2278316137,313220725,3295499509,2423948796,166669927,1671505184,799627570446667777,2475304848,490054809,932294724,309062819,114606028,4693580648,1330713522,2771377226,269583605,105141365,1570828464,1881997231,1214939851,143395531,128745563,87198273,2937115692,2420085036,68371366,107550597,305051024,96038955,382347070,93291481,1735620684,2214284466,120417286,3259579002,444716886,722923405352108033,759036149687984130,116399040,2956016918,15365284,362507353,1383879613,120464512,485274019,1221853364,769078370495819776,119801759,176881179,714295422567600128,706339316360826883,2271726385,2809608306,750177026552631297,1617260358,2260437121,376211706,1711375848,2257161986,5707612,2721756968,3168765151,732938444532391937,3257172907,1542879936,819701467070099457,14731407,163862538,487385052,701292714055237632,172284071,2498932416,111880950,3119545434,2876830099,238144988,125569629,173852199,1180547846,2956051663,145343806,495499887,1241285960,453046221,2951289997,935118805,369862212,242699402,100389301,232585467,108845767,325406995,3188636516,228271850,15206901,1704834752,745596723192442883,1644777469,2989083920,817489500,4774115832,799066484358070272,310915403,3304226066,105412686,266777507,115941992,293407200,2343608682,150926154,755380822266437632,2151176886,261589287,387115487,2675768354,3183996776,216633583,799054495778902016,1010981988,1574390208,113559671,135668109,1910610115,2349866162,3059645574,6386322,233827914,238556216,229484356,14483249,1640228828,255000007,2541834019,4087042812,855077462,154764097,69484065,3077147490,118291223,51460145,799234583623385088,51327109,1640716315,3711355999,3103411352,697005636467339264,3248785405,41335989,138443914,1713119108,135466702,137408171,1205285521,1647612522,229780603,106295294,2326634994,118974500,1603825117,927643128,749488564975480833,129249559,527459582,111036691,418305249,3013381208,14569397,3021901800,232858720,704281113418551296,209756637,84240596,817566381134618624,2370226752,174902179,599021485,73595806,2447077172,2604611660,281257371,4649711108,2804774611,109146393,4882146885,3141678404,194523471,47830546,4063498633,1141254258,6034802,113175398,4009612512,1155373262,55897052,322532317,285508846,765141651241054209,130486983,3159534847,4736964470,2988627103,2918378700,730292148554194944,710707331219066880,270802850,1178582910,311403483,248257032,2851664162
166053929,2258866224,122950194,3061195921,328530559,14514082,757511025063190529,149585330,25043006,1665379862,246750741,2829605666,877601046,487389327,2181917178,129824349,119491689,4468236687,216633583,41787094,99068944,1369359684,176081290,83810350,113697022,84240596,2778689418,2423813221,767035326,1427449448,1350742926,375075859,412165402,3219741798,63226619,1210682473,3061307797,3688495640,312103989,39266575,762247422076522496,241518702,143334718,2909429360,4779249638,2167589748,2595923112,912117680,1574771994,163041111,362486249,170939623,2479200481,762253484951351296,79169816,3274075003,2886459654,154522207,585767501,2263635158,2246842249,23048127,313220725,3043419806,3043578366,120094779,4711181012,3124329918,278927574,4648590036,2527587546,2752933818,2263777033,425057562,71258446,776188900108677121,2876664235,766609738683473920,953284290,107042980,740379549360230400,77898979,134801750,5660332,747798407733874689,120133218,3049491901,325284034,123057317,1713274057,4830205428,1412666898,12286282,2151176886,122305557,2180394756,754770708,278123639,140021552,76891783,266198172,45116366,2173901083,2186295889,2384525437,140957446,2170395426,855956089,415375895,2299460798,315713103,486256467,217998071,15197042,1384684081,3271095878,350125392,2759083950,98031440,731115474,78941164,1217589314,148268248,717655926782570500,2365023114,2670776095,2210034768,700972438222340097,2711712037,120778148,3401711,329064197,174980721,3068161046,277946972,562930824,776416227673518081,867423907,110705458,243165144,715840055982555137,364322393,3154397839,1207985966,3998911995,106923358,768108571682705409,803976831380508673,362507353,264785233,105781620,601884446,2214284466,4795362739,4768642561,433195700,386459805,3472206492,6257722,360623475,5573352,2893641422,196499771,44628277,3031667206,218806658,154152824,2397470018,744712467473784832,2303984232,107645385,18619353,351942181,1349543347,223723022,1920293444,529256619,2320691455,716906391202439169,165147560,119508175,3109009430,213236608,160111545,3187328923,321897940,355467508,716934645221187584,566071021,812711436837232640,106078245,131128662,2450830255,221302426,274533438,4104111,806977792449671169,238556216,4543695072,302928032,3187539487,2338020751,981531715,3947332213,34175088,1171293552,196858438,3155792923,3228930301,127850518,131847523,90819024,447003065,4686042043,61060753,1013033460,61615918,3283209914,3143496656,17622782,721648549365059584,94714235,1524514772,546728886,732938444532391937,311566253,30011055,714295422567600128,133543001,1474430012,2337272023,702737735035949057,62103993,592797308,12740302,5161091,2816318186,2615595660,3269798672,2565480336,1142498868,1588368044,260270202,362401254,565141916,559580024,2901049411,866275639,154914770,2949187830,65992806,88385720,99256908,634427727,1913156420,2254646966,105125766,772067759656022016,793676027641917444,182285285,151277224,2219883769,118974500,103412033,263044301,100735582,2840853390,106359350,636753909,1640571146,1721569584,704091794066132993,2787896394,115694863,3072938052,7611042,32957380,218863611,1274913919,1030487389,1023178586,301488928,2811434557,55143079,57169686,386928380,2689483342,164670171,589998701,416876537,181613766,1250752274,196108701,16979586,2286184658,114966360,701045705171808258,1563237025,3659975486,2363841758,140661586,176387462,1389581684,4772779819,2153078023,511311818,14283262,121414271,186647848,939088549,3504748992,1025942498,160397845,200829722,90078908,116126827,121117243,777774072,69001921,1304664565,783691840717336576,378552499,15888322,610466192,357439604,231748973,751315786480758784,1403983866,426462761,1428241868,230105403,1329547237,733479701390315521,109937762,2166336768,89982090,395155947,1958797993,64361064,2234860657,3184448988,375989152,586380468,125171112,2954885077,992328512,723934291,3426467953,1022365458,901518032,2999619314,729265190336749569,467970267,1561529839,97778363,15721090,2281745430,2267594714,354129225,379382447,1680042638,3045517662,178685274,2968543933,2407596964,916553269,513734114,415552787,2464573315,93354555,63461143,1199621377,14071487,551091308,2591882168,1243501165,713012772045348864,2625938106,287021085,105829199,1572335857,2803300472,78560756,4776892400,136544724,1090641373,4844688865,3282303163,93504307,15982204,4154918478,454092313,162339507,508982156,1555409330,2181769143,2805243174,3035716638,414731801,2377072274,2541834019,101752859,715808726050082817,3259068217,68988322,2311741759,1974810612,3019862611,149445188,2509949550,3282096295,2559301716,126421794,2489869620,1196230964,1733872003,837234816558866432,46610863,223071184,3139636165,1610344716,138349469,1185681416,237941305,1217604392,1326527461,112983529,293407200,77198783,4673443538,793692179470258176,1153425648,92004114,69014764,1140115897,769589378020548608,526116212,798869971279351810,582769131,296227951,127152635,2721482023,235865320,925078362,69876392,141610735,977900888,354036380,177177552,88934299,331647240,223071728,1233247134,104243106,803393343145185280,819671539,554006233,52876801,1034540978,17041744,739457883344015361,27829621,3983110578,2427209972,805409654222114817,727738475492089857,82584006,3323015893,14490029,373383877,702497970529284097,1343914832,158584247,737075095261188096,374299687,66297785,803090686346076160,786526296436121600,303036121,702642855588663296,60911676,2370226752,920733390,472985752,595139186,3014443676,1163029970,179959129,1427652896,103045051,729636779783917571,1607484811,1717595263,119044678,152113118,284575303,2953098450,1165846555,327967013,2994800682,76930558,437749202,3181535172,614065373,745616877473275906,582494043,99935747,1850506747,796199161,1583594232,1863750126,2343754692,160151033,412268132,2468347933,196943352,3092684144,1331302118,295626055,111134927,458359698,3876073340,126869577,2350082330,4678387274,1337317784,629201113,29175989,764261509136420864,3252073200,534895619,226517687,1896337909,443554101,1178699515,89237626,100912201,75161384,185154117,2750137763,1615074300,215270961,1389378229,347659284,144366284,1139059188,96301196,1881786662,246120775,528978054,560421099,764454329365344257,195746332,142259228,183079588,3068426220,4113111434,4121184132,2465862210,3355354512,111868788,776753652815966208,258352199,95336816,135527624,3118908378,305337902,4608236540,820482874101014531,160505084,86282544,337556529,99065146,240709714,35202072,277024032,115101698,3171131006,241946031,1469752718,4021939760,69651070,271911626,1266757412,2904052513,44940172,932294724,780131496,126913884,167312754,161327130,4920852000,503632745,1878666397,368996234,3225807060,139164333,78660259,1027920860,89599240,3791815752,1103443658,709258447594725376,231072576,1076426167,734546785,738899638594375680,82054286,162444870,619973341,4732173733,45070751,384495349,716030698860089344,207071154,230387191,935118805,2553103783,3935308512,376667789,3020350106,230657584,507450159,2493043944,1612545812,1368492708,2610019009,121611149,86443875,706321454837567488,166857250,485238371,3018372985,120387992,261589287,799627570446667777,1121806164,381391481,400720799,477375328,264320265,370956885,304806782,111464118,268215436,557749727,176053446,710825790405881856,63967084,2604224318,725843530095063041,1128022554,225675042,2620318766,66309607,121840316,2352734053,270802850,717387731505025024,82071792,16947441,2611329985,2351195210,172633862,14569397,324076299,2916453350,2817132200,582661019,4738509493,779509437157429248,1582220683,495499887,69472367,3701187313,2601900296,1570828464,1516719872,11503132,243933223,239747335,177549105,88400057,92283339,108198353,1245697345,20063068,4886861409,232816019,128508867,1923257508,1209260426,203576003,319463207,4189847785,722019468214317056,1144654094,1706876556,788774233,2245406827,2310066301,2946766058,1381911260,1012564566,158227376,1603825117,4556832800,2744126239,807880728339890176,376848464,2862501254,1550020328,348512679,406144362,543416483,1687041560,84305242,282854774,820298958593372160,173380909,47908556,2773016930,112675622,176693696,156921608,2191464510,2243990906,2386251739,3014161212,60199663,400186751,2438407638,1840846752,3688487773,2589021998,749488564975480833,3558795492,287402332,96357612,1675525183,474043610,103207685,758433488,59111213,2489894508,777894440,1116748572,743416529476190210,582786194,2514846540,1729258040,98891949,128215955,761093938690207744,66601333,325406995,2605597950,124670174,153339375,2706032359,2832912835,1903846218,2332146613,211800955,2916078391,2195101268,2305251775,147961646,2248730072,142880137,428288293,3235211724,14054246,388369087,472979573,2572694156,110096249,97877512,1316823631,166641592,2658981814,138462788,1948804807,80860699,264920080,443707029,84772409,790467017161576448,95594060,1547723784,2267676272,307351224,3116344153,41335989,51000475,714615370087202816,2936111448,1420919810,504670586,2477585239,3313300826,107957736,1673122076,126579510,135844145,555731239,247558355,195409750,2662515085,2332723700,68331875,256402505,118291223,382271443,781398239702503424,6187612,481824635,2301116940,14321173,171024778,457142989,446089252,3167639346,438259292,280046719,6386322,271446959,238071643,223410747,158735114,400026244,2993596106,783558192936595456,967692247,164165832,574351077,3053959400,287025479,152568882,737975587,19445294,100921352,1331354773,2475304848,2885344326,163851648,477662077,1035989251,287190207,4821154994,279995344,3017339420,4782826418,232585467,2237142252,112720670,95020329,174432016,3238392042,515530852,1562061054,3012229621,113893439,1499874158,2322986196,729503358914953216,1050884977,447717052,1180547846,39318992,72840900,3266579130,4713535933,93291481,4463344212,1427842244,1230132091,120158285,1196793104,1413237433,94289754,248753408,4883012718,1871200603,194523471,1655133482,759036149687984130,269583605,71688342,1671505184,460256708,68651166,788538431613710336,260214785,1214939851,3309086234,2383817438,172284071,2231029604,1016464634,2370283988,524778224,1672184269,111305124,240698532,228019907,240159914,142605239,1241285960,88103577,3141678404,271967816,448807720,2278316137,66341567,625533687,75723508,110597690,228271850,708316241102942208,2771377226,68371366,114606028,143395531,444716886,793384641637908481,569561320,3259579002,129077593,707636043562901504,1711375848,528961416,819701467070099457,1630995254,487385052,14731407,267161682,3257172907,129793458,2906144503,428436774,1698121500,1221853364,125569629,21074238,886193670,14800072,745596723192442883,135024885,179561709,59654139,138443914,173852199,224171470,2675768354,111880950,2956051663,129249559,154764097,562773398,2951289997,4888081354,121948820,1277935184,1704834752,322532317,3059645574,711498075315933184,113559671,128745563,755380822266437632,15206901,11218912,1910610115,143404547,155211167,4882146885,111036691,243554498,251790739,51460145,3238344735,135668109,4145320993,163862538,69484065,2604611660,427145539,100081382,1640228828,2347785702,540045117,229780603,808460137035763712,2679930006,133098850,109146393,14483249,120417286,96038955
129824349,166053929,67044796,17058687,2258866224,2781793046,2389413318,133279836,328530559,14514082,1369359684,759371947826262016,149585330,25043006,1920293444,109937762,487389327,793692179470258176,113697022,126421794,434597746,78560756,1680042638,2715665521,1613064720,767035326,1582220683,2423813221,1427449448,448485458,711353581731840001,412165402,362486249,513477530,82751059,63226619,96784888,241518702,1589957827,3688495640,3196269806,2993398465,2167589748,1161928069,3274075003,1626703308,117813974,120094779,3043419806,30011055,3043578366,774924002951176192,529450585,3124329918,740842406,2732830194,4648590036,4711181012,1330713522,474043610,278927574,2752933818,23048127,216633583,111464118,2263777033,425057562,496792736,803251242,953284290,155211167,2876664235,740379549360230400,71258446,107042980,753895225450385408,1412666898,4104111,77898979,722036554378555394,278123639,4830205428,780373226455076865,123057317,2960415805,122305557,107025767,76891783,1713274057,185154117,266198172,2186295889,266503807,1384684081,754932022691307520,2384525437,877601046,1728478885,3021844237,140957446,4332995414,2367230214,11828922,45116366,217998071,415375895,350125392,163041111,87094927,364322393,195224389,1474430012,2299460798,407427039,143395531,15197042,5573352,3155792923,127850518,559580024,4686042043,280519165,3413591053,75828566,98031440,154914770,277946972,803976831380508673,59111213,2210034768,174980721,215264378,867423907,776416227673518081,140890169,106923358,375989152,162733245,240243663,1207985966,223723022,34175088,1451665674,2300772428,715840055982555137,763282227597750272,1071094099,768108571682705409,1916111221,4768642561,6257722,744712467473784832,3947332213,1185681416,927680065,374299687,2433490477,2919463152,110705458,709718141509586944,243165144,3998911995,134776591,2450830255,716906391202439169,592797308,105781620,2397470018,806977792449671169,1446408986,119044678,1524514772,565141916,925078362,2893641422,221302426,14204588,4713785474,2474911159,529256619,351942181,3269798672,165147560,828337118,837234816558866432,57841747,60125030,213236608,786529720410054657,274533438,2868987948,2984640151,36914160,2254411722,860245549,99068944,3187328923,2158637173,119491689,4543695072,229039885,749488564975480833,2656932828,712977462569754625,44628277,370103075,981531715,302928032,1013033460,1171293552,20063068,433516270,2338020751,792317403182927872,3187539487,1698773754,107645385,2901049411,4468236687,546728886,3228930301,275441071,234755004,12740302,2191464510,140661586,721648549365059584,17622782,793676027641917444,5161091,83350104,61615918,1640716315,3266178228,2615595660,1588368044,57169686,416876537,116126827,3194931222,2712188382,1563237025,2363841758,382732869,435869531,812711436837232640,2527587546,4812481002,105768760,704091794066132993,1274913919,191868738,69001921,766634919720161280,1588025569,4416131593,158735114,1913156420,3272542110,2219883769,636753909,82732298,86282544,2787896394,1030487389,1217604392,1929743694,7611042,116399040,78660259,1001410644,298839830,2811434557,3914921,1462827506,428288293,4463344212,3069668090,132851221,314967662,200829722,2286184658,55143079,240698532,2407596964,1427842244,111868788,2882975708,1674970933,162339507,1165846555,2259668976,90078908,153339375,386928380,240159914,788538431613710336,14283262,2153078023,1250752274,2721286358,2429820356,1453341853,939088549,2317151762,66309607,1215689899,69014764,121117243,176387462,511311818,2356542222,160397845,467970267,2382200108,64361064,15888322,133985687,186647848,1381911260,799627570446667777,89982090,3031667206,378552499,1640571146,769294651173969920,200903197,3426467953,1721569584,1881786662,768965835486396416,105829199,483474409,1590431706,2826399937,230105403,370956885,1329547237,178685274,722019468214317056,50237104,586380468,1403983866,4501201,1304664565,136544724,3035716638,2234860657,2954885077,551091308,63461143,125171112,84863232,729265190336749569,105141365,14365306,340859143,319463207,3092684144,109758782,2793747044,93354555,397671438,1199621377,916553269,1121806164,454092313,1572335857,513734114,2567307780,14071487,253145219,76930558,287021085,15721090,543416483,2509949550,3282303163,49116473,51000475,15982204,1090641373,82584006,360623475,777774072,967692247,815585430804402177,296227951,2181769143,69739038,1610344716,177177552,3068161046,3061307797,723934291,729503358914953216,3139636165,697414274856005633,84279864,1974810612,112983529,46610863,277024032,376667789,235865320,6882322,147007458,237941305,508982156,16285524,582769131,491292208,238556216,75723508,776789448059072513,777749167519039489,1863750126,2711712037,167931263,131847523,719668881367937024,2464573315,124616624,387115487,2904052513,107220190,2489869620,1326527461,77198783,88934299,2595652075,977900888,526116212,786526296436121600,428436774,4673443538,280046719,2311741759,1233247134,331647240,524778224,737075095261188096,2417178230,2994800682,702497970529284097,69876392,510032413,2195101268,4888081354,92793928,17041744,99935747,303036121,142888822,1034540978,3983110578,108925802,729636779783917571,725843530095063041,179959129,92004114,3014443676,239747335,2452404277,141610735,1248105421,96783116,820172655554744324,2468347933,765398603468726272,702642855588663296,2326634994,152999776,70951576,595139186,803090686346076160,472985752,20883859,3165942768,66297785,223132798,2750137763,903709178,772322363027316737,90819024,1343914832,2238859284,158340883,2991094890,215284051,920733390,718064547291004930,3323015893,796199161,196108701,295626055,1331302118,1607484811,2953098450,3401711,160151033,745616877473275906,562773398,477375328,443554101,311566253,2199625903,111134927,827117699599736833,1389378229,582494043,2343754692,485238371,1583594232,437749202,142259228,167240403,1573060256,3876073340,143404547,2465862210,172633862,146482503,1923001070,458359698,96301196,129077593,780131496,154152824,173852199,910307893,554006233,764454329365344257,125644441,195746332,907596632,2909429360,726851210787979264,176053446,107880424,527340273,87963363,984450056,246120775,314469213,1612545812,2601900296,2437923036,562085245,1516719872,3145962408,4732173733,305337902,1142498868,337556529,3725394733,1306679845,3118908378,528978054,1588820712,4736964470,115101698,35202072,1025942498,3935308512,1196230964,126869577,444190942,95336816,162444870,400720799,3034291880,619973341,120459554,44940172,2948034020,2493043944,820482874101014531,144856244,99065146,2358066727,2376778740,4608236540,300684112,124443587,181613766,3355354512,764261509136420864,232816019,534895619,1923257508,2954831965,4702757546,4805761782,1416285146,2243990906,953545549,867252450,709258447594725376,139528880,196499771,2191358840,1065660787,1103443658,161327130,3171131006,348512679,585767501,139164333,1878666397,220942976,3155206722,557749727,273019929,1310167417,758366461450530816,88400057,2352734053,287190207,93857594,268215436,112675622,264320265,114136193,738899638594375680,582661019,2611329985,381391481,1245697345,95185895,177549105,121840316,2276656153,4738509493,3139042921,287402332,81128999,717387731505025024,3393680598,3003533204,376848464,238144988,282854774,1733872003,2272521673,103207685,304806782,752308892151869440,820298958593372160,2605597950,381329247,2524642166,3250239018,240709714,2816318186,108198353,2902602613,99256908,203576003,97877512,1209260426,128508867,170939623,912117680,788774233,1706876556,2773016930,156921608,16022389,2744126239,158227376,92283339,124670174,270802850,103412033,402615426,98891949,1687041560,1610333215,1016464634,142880137,1427897413,128215955,582786194,30223785,802595731,2519519436,130822837,555731239,322532317,1106545615,1570828464,14054246,400186751,457142989,2999619314,3558795492,163862538,907776512,2658981814,1840846752,3688487773,406144362,4839775813,433195700,528961416,789832330877607937,1116748572,614065373,104243106,718377358303084544,2275037991,3122765556,2756764825,896994926,93291481,1550020328,708316241102942208,344078866,4906053674,1903846218,66601333,11218912,400026244,1547723784,256402505,355467508,781398239702503424,754011835720884224,472979573,507450159,2370226752,2332723700,438259292,515530852,1214934704,325406995,16979586,504670586,2671877106,152568882,313220725,2245406827,31015944,261589287,41335989,4388891539,715193361251102721,2354994482,1420919810,1476368089,195409750,482745693,2991084589,1331354773,2985555884,2662515085,100735582,965881400,3167639346,232858720,3188315515,127794430,100472863,228019907,443707029,347659284,347739325,2237142252,135527624,1673122076,2283861697,704930243325329408,279995344,271446959,4027691,1440619700,3182466757,111880950,223410747,2916078391,200823909,4465169900,5660332,72840900,102944802,3053959400,164165832,6187612,213652446,253539506,109832030,126913884,783558192936595456,210752625,346593752,80860699,1671505184,128543793,11637282,2246842249,477662077,2322986196,174432016,2423948796,2868838100,723734980145217536,444716886,3238392042,14731407,154764097,371388668,4713535933,71688342,15206901,113893439,232585467,5707612,1180547846,4779249638,745246935624220672,103278735,2370273984,84617104,120158285,737975587,897549607,733516981685477377,264920080,1413237433,3059645574,268725481,495499887,385325864,127152635,2383817438,248753408,3692725645,2731396789,759036149687984130,114966360,701508926471168000,2885498496,125569629,1903582759,320703161,1196793104,2231029604,447584440,269583605,2909337728,163653845,779509437157429248,260214785,128640698,3309086234,745596723192442883,2893328989,114606028,110597690,1427652896,68371366,357439604,1425847951,732938444532391937,1214939851,3141678404,1068050388,69484065,1241285960,1050192536,253938110,172284071,3259579002,2354008052,194523471,88103577,516979197,2278316137,589998701,2771377226,1428241868,110138953,45060275,1110377984,935118805,819701467070099457,2864664499,4633642374,54889517,228271850,374990637,3040476331,711498075315933184,191914761,1009106604,2591882168,1711375848,1168137126,2214284466,55112346,430594344,3257172907,196943352,444668093,715573470034145280,595525996,700515656,2438407638,4882146885,138443914,718379105910157312,713012772045348864,1035989251,264627362,79169816,246066861,251632488,159212067,164289791,305335709,580686083,174902179,2951289997,511292542,362507353,152113118,487385052,111036691,2479200481,2956051663,226517687,1221853364,3261385940,770561292,362401254,17123286,3022689258,51460145,737559606788952069,419553539,1704834752,4210286480,6386322,4767353802,176686492,1277935184,1910610115,536240019,113559671,222985456,243933223,68331875,745335092,4121184132,12286282,2528401320,490054809,2855124108,120666528,2829605666,3077147490,149851550,3014161212,57972979,755380822266437632,2589021998,188371273,2151176886,5631872,1548029071,2349866162,3187970742,697005636467339264,731103687997673473,255000007,581511428,168607318,167959130,1060667774,927643128,97778363,3266869692,205278010,118974500,3304226066,3021325016,947345778,805396656552218624,1030474188,129793458,130486983,2842190244,2337272023,2265895489,2337439350,106295294,2675768354,101741110,3021901800
166053929,437749202,2258866224,328530559,1402369591,275605379,47908556,747798407733874689,129077593,148268248,14514082,1588912886,143334718,1369359684,149585330,25043006,68371366,487389327,80251665,113697022,108925802,767035326,314967662,2423813221,1259670404,1371665556,1427449448,412165402,362486249,515387301,63226619,3282303163,241518702,1672184269,1006094587,59111213,3688495640,2167589748,2356542222,3010848974,2570970224,3274075003,120094779,1290908570,1911251936,3043419806,3043578366,410656546,284058607,115694863,59417367,785083170802708480,364246158,278927574,2376778740,3245862577,415375895,3124329918,2752933818,4648590036,28770889,2367262801,3321963240,1094213413,4711181012,4924576459,128508867,953284290,2263777033,495499887,3145921000,425057562,2876664235,77898979,73695205,105639187,2221260234,71258446,2805566264,123057317,200328577,1412666898,5948162,278123639,107042980,1384684081,113746111,4388891539,759726285811625987,4830205428,740379549360230400,122305557,76891783,1277935184,2186295889,3119545434,2384525437,364322393,1860651187,109937762,62989056,118974500,448485458,140957446,145570655,45116366,266198172,217998071,102944802,277946972,350125392,998522672,120417286,250016546,592797308,1901893176,2299460798,163041111,433516270,15197042,187170678,1542516511,867423907,216633583,173852199,98031440,253938110,20909451,1713274057,841663118,196499771,174980721,2210034768,4686042043,803976831380508673,154914770,276747244,776416227673518081,3155792923,106923358,4802615244,485238371,1207985966,559580024,1337317784,223723022,716906391202439169,2341941686,744712467473784832,422471138,2384641735,204351260,715840055982555137,768108571682705409,14489679,1090641373,6257722,243165144,221302426,4768642561,803251242,34175088,110705458,225675042,307133612,3998911995,105781620,1524514772,228019907,2397470018,806977792449671169,2158637173,100939741,529256619,114063142,1451665674,2893641422,110138953,1733872003,546728886,30011055,212237100,4911411764,351942181,428274126,2450830255,3187328923,1264224049,108246334,102710639,274533438,1640716315,165147560,213236608,44628277,78560756,99256908,837234816558866432,1171293552,302928032,61739310,126421794,4543695072,1687488984,3849400752,3182466757,773241152707276800,981531715,729559098367221760,2427209972,4661019500,3947332213,3269798672,1013033460,2338020751,160421858,68068487,154152824,2527587546,4468236687,17622782,1563237025,12740302,3228930301,2909429360,721648549365059584,107645385,452206854,2894633588,2615595660,1699232659,211842941,9496792,1030487389,23048127,2793018904,2447077172,1474430012,220260419,416876537,4104111,3187539487,704091794066132993,1405231680,89599240,1589957827,179094450,2386251739,793676027641917444,57169686,5161091,1588368044,1274913919,2219883769,200829722,2811434557,142605239,3946619790,571570724,2547194177,5573352,170939623,69001921,2363841758,1913156420,240635104,636753909,2836656024,3114011281,116126827,61615918,4865540654,3181535172,2787896394,14283262,7611042,2286184658,55143079,3105869742,3192684392,3188636516,2509949550,2407596964,386928380,559623368,565141916,140661586,2805243174,1640571146,467970267,2918770074,1880174226,732415501100417025,2153078023,939088549,69014764,116399040,1250752274,758756132,760489210277040128,287021085,167959130,223132798,121117243,162339507,471762717,1329547237,332187159,511311818,230105403,15888322,89982090,64361064,3934121293,1403983866,586380468,3246776857,3092684144,109146393,2896024994,2363770724,192142590,178685274,1304664565,105829199,1896337909,3225807060,2234860657,378552499,176387462,160397845,3426467953,136544724,2954885077,551091308,348512679,63461143,98369037,2832912835,2234510443,125171112,366407640,4288203313,992328512,1199621377,729265190336749569,916553269,4732721839,3035716638,181840920,1141254258,780297702827405312,49009062,82584006,186647848,454092313,177549105,93354555,134069985,2589021998,760073383476199424,14071487,799627570446667777,382732869,96784888,2311927812,2495658756,795927309467271169,3393974538,1572335857,372148063,769294651173969920,778134168270176256,2703204235,17041744,1610344716,788538431613710336,513734114,901518032,15982204,815603804,1103496770,4179349514,3068161046,360623475,266503807,100389301,3061307797,277024032,1881786662,296227951,4673443538,777774072,15721090,995588244,2669079992,2181769143,3170576534,1944686264,177177552,3139636165,164289791,62427717,1001410644,43575413,112983529,134448922,130822837,711189023218278400,1165846555,319463207,46610863,925078362,740505988755656705,2986115947,237941305,1974810612,235865320,2711712037,2479844556,2729501544,2263635158,472985752,582769131,1863750126,2195101268,88934299,751641104,36990584,1326527461,5707612,132092349,3349941013,3304139304,77198783,977900888,474043610,151784712,2991084589,2994800682,526116212,610466192,967692247,1729258040,759771283504570368,3983110578,1233247134,376667789,331647240,737075095261188096,111464118,726851210787979264,2489869620,1572909170,185602827,735257190135562240,4909478833,2368597596,69876392,706464581879640064,2847247915,99935747,2464113506,234755004,88103577,4463344212,3255817224,55112346,1282811928,3659975486,303036121,702642855588663296,316017782,3031667206,148750065,134752598,1034540978,803090686346076160,920733390,3073274168,162444870,595139186,295626055,127850518,729636779783917571,745616877473275906,796199161,2468347933,1646647501,89558665,485522737,4056198313,2750137763,482754950,2412513164,66297785,1331302118,2810118211,1035828998,141610735,1388670530,196108701,2180394756,3323015893,76930558,92004114,119044678,288649254,179959129,147145341,311566253,1673146046,4732173733,100717438,176053446,2402339690,84279864,93857594,3014443676,304806782,765932696526811136,2885498496,799813018917814272,3558795492,2743567730,477375328,1607484811,2311741759,2893328989,614065373,443554101,2181917178,2343754692,1389378229,534895619,2953098450,854858016,3401711,3876073340,387488608,4884993584,1583594232,244113072,2465862210,582494043,96301196,67307203,264840291,111134927,132069325,51000475,408175178,142259228,810904522285400064,458359698,172633862,2400638310,131847523,780131496,195746332,2916078391,779269528517685248,3009421765,88400057,3919372272,1571688152,554006233,764454329365344257,849258434,3171131006,619973341,1516719872,246120775,305337902,1343914832,786526296436121600,267045302,337556529,44940172,927474210,2260437121,3935308512,111868788,106359350,115101698,1718002796,35202072,1951871065,2429820356,756313888925163520,2599759796,1025942498,363441137,181613766,86282544,582661019,3958167974,1721569584,740848638944006144,95336816,400720799,139164333,4355530633,1035989251,2493043944,2243990906,99065146,820482874101014531,3321099067,232816019,280046719,1706876556,1103443658,3100206492,347685856,1680891948,1923257508,504670586,232245009,549087359,3118908378,293407200,709258447594725376,2904052513,707075262630854659,1878666397,1245697345,4853580582,268215436,1209260426,2421654632,2498932416,585767501,557749727,208356448,238556216,3031927850,18468872,264320265,528978054,103045051,738899638594375680,138462788,112675622,3355354512,158227376,2213956190,287402332,161327130,2352734053,240698532,3194931222,4738509493,4608236540,1146635629,536124258,206262618,103207685,121840316,785549586,149410387,831618696,2688748274,1381911260,108512021,4922886674,717387731505025024,4592026340,376848464,2611329985,214772413,3035197519,453046221,92283339,729503358914953216,2578713978,802966965778137089,20063068,457142989,1612545812,1547723784,2889514765,203576003,2605597950,820298958593372160,321897940,108198353,260270202,97877512,239747335,536945968,2257161986,310291557,805693032339099648,2816318186,320115927,1476368089,166857250,2601900296,762583387391467520,788774233,271446959,582786194,264920080,2773016930,156921608,2744126239,2191464510,282854774,3007915002,124670174,163862538,2358047724,1687041560,103412033,222985456,128215955,740842406,830413730,107366362,2613340494,196943352,98891949,1668013274,114966360,142880137,1530835099,138443914,555731239,543416483,400186751,153339375,764261509136420864,2912827525,1840846752,14054246,3160141104,5532582,6034802,3688487773,1142498868,1125481728,2658981814,355467508,238144988,428288293,2278316137,400026244,1116748572,220649890,104243106,433195700,1214934704,3031523547,1550020328,93291481,1196230964,3724739232,562773398,708316241102942208,1875092112,355600538,4416131593,333986096,14648146,138782673,406144362,2464573315,749593075194834946,2541244212,3067991407,66601333,256402505,634369235,1570828464,373383877,113946504,781398239702503424,472979573,1903846218,2332723700,515530852,3149412728,2937115692,327967013,397671438,243554498,232585467,2948034020,2199874278,3145868815,313220725,303244602,3010014654,1680042638,28811940,1921667953,152568882,1427842244,2237142252,438259292,167728298,3020493697,17445709,1699632840,220942976,357439604,1673122076,3167639346,154764097,14731407,263066077,261589287,108868191,16069066,2662515085,1420919810,154800767,1886224830,783894089506750464,72840900,5660332,195409750,354036380,1331354773,223410747,329064197,135527624,279995344,483850017,3251785669,2332146613,1318631102,448183103,370956885,128745563,109759976,3272542110,164165832,1438477916,2374969058,1625818634,3034870699,111880950,733479701390315521,900071821,325406995,2588219065,2326776498,3053959400,2610743334,14569397,249156356,2611068324,758265498643476480,477662077,1671505184,346593752,2217223704,3238392042,2193422712,783558192936595456,174432016,2728454784,443707029,1870529029,1518429902,1929743694,2322986196,3186628429,444716886,2246842249,322532317,229126526,292670182,807880728339890176,71688342,1413237433,2373741096,2949187830,6187612,4713535933,305335709,411244259,732988344,819696201708670976,41335989,759036149687984130,380100882,113893439,1196793104,1214939851,138751887,2591882168,485235199,732938444532391937,17123286,3313011139,120158285,3059645574,779509437157429248,80860699,131128662,66309607,30221731,4779249638,3177381282,3141678404,354129225,68331875,2376429138,75723508,84240596,248753408,801013732943937536,125569629,143395531,790938997795139584,778625810886373376,2245406827,2999619314,799054495778902016,2982043728,745596723192442883,129793458,3309086234,269583605,3006655818,11637282,260214785,343164845,702497970529284097,2383817438,1427652896,2415637789,749143613947334656,903709178,30196675,15206901,737975587,2475304848,799750525,93001310,114606028,110096249,1241285960,108581537,110597690,2231029604,829124923,172284071,2176257618,450577915,16979586,1016464634,1180547846,3012829058,2771377226,3259579002,3021901800,2275037991,101741110,3304226066,3671517134,819701467070099457,935118805,711498075315933184,2916453350,2152015194,2758801716,1711375848,1367429958,589998701,3257172907,4882146885,89914545,194523471,707955556900667392,2214284466,508982156,4760803316,69472367,228271850,701443747523891200,148401735,2951289997,487385052,207071154,243933223,1684995218,362507353,362414323,2779687098,3402271814,2811563203,713012772045348864,731103687997673473,4880807249,347659284,1034298126
3909041,2237499230,113805879,166053929,2258866224,328530559,200779552,14514082,805409654222114817,149585330,17622782,1369359684,837234816558866432,968298318,98031440,25043006,487389327,113697022,3298976526,788774233,772725649077260288,1427449448,68185108,134754838,2423813221,2402675282,240159914,78560756,138292326,95411578,767035326,330526489,448485458,745335092,412165402,2236065025,153047140,148268248,122305557,362486249,758756132,63226619,241518702,88589614,445277444,2864572483,450577915,5673652,2937115692,135844145,3688495640,2167589748,3274075003,120094779,1913156420,723734980145217536,3149412728,151917064,3043419806,278927574,3124329918,250016546,778243604250636288,2752933818,3043578366,4711181012,91798848,2263777033,953284290,3245068897,4648590036,592797308,77898979,425057562,140417249,2876664235,129806087,1412666898,101468392,71258446,770290691809304577,278123639,107042980,123057317,1384684081,2527587546,719668881367937024,1041877309,4830205428,2186295889,162444870,740379549360230400,76891783,364322393,2384525437,482564729,140957446,415375895,45116366,217998071,490005244,1675525183,277946972,189412007,738930864021594112,218806658,350125392,867423907,1107951493,801122563225055232,163041111,2299460798,90078908,257277305,266198172,724916812736020481,15197042,174980721,2210034768,803976831380508673,4686042043,1207985966,69472367,776416227673518081,373995697,154914770,104823519,106923358,3328571040,2570242046,223723022,1574847366,744712467473784832,723934291,716906391202439169,1478797219,559580024,715840055982555137,6257722,3155792923,221302426,768108571682705409,4768642561,714117104446758912,1713274057,1013033460,4465169900,2793747044,110705458,105781620,3998911995,2243990906,270802850,3159757021,67307203,529256619,1562061054,2337439350,243165144,1524514772,93504307,2397470018,370956885,2311425392,251632488,806977792449671169,34175088,2893641422,546728886,351942181,30011055,274533438,1171293552,165147560,773898401192771585,150855771,3187328923,44628277,3947332213,2997995346,302928032,213236608,2991233347,4543695072,128947409,2338020751,2450830255,981531715,3031667206,216633583,2383480110,634541985,4468236687,12740302,3269798672,3228930301,704091794066132993,1563237025,721648549365059584,17445709,1030487389,2429820356,2615595660,3007915002,57169686,416876537,773007479374360576,1474430012,755581505011789825,61615918,4761503828,5161091,1274913919,2219883769,101332395,16979586,3225807060,200829722,755380822266437632,296227951,2811434557,793676027641917444,107645385,69001921,1588368044,115694863,3171131006,741942302994665472,807588620907388928,2363841758,1706876556,706845313156259840,636753909,2787896394,5573352,2286184658,3227290447,442004205,395265120,5631872,55143079,14283262,7611042,386928380,116126827,565141916,595525996,3187539487,2386251739,796199161,2832912835,173809284,2407596964,467970267,316017782,2153078023,513734114,116747335,838044419412545537,939088549,69014764,121117243,161032758,3402271814,372851748,1283276186,348512679,1499874158,1640571146,287021085,1250752274,124670174,1312499438,15888322,555026658,230105403,1329547237,89982090,511311818,65219343,810904522285400064,1403983866,135024885,2427209972,64361064,228976878,178685274,469914970,586380468,335270348,3092684144,595675020,579593991,4821154994,1304664565,107880424,158227376,136854433,2954885077,378552499,2882975708,2234860657,106905066,2729264186,186647848,93291481,295626055,82584006,896994926,749593075194834946,105829199,340859143,3100773817,162339507,136544724,1054640846,125171112,23207847,64098572,586380613,63461143,729265190336749569,551091308,916553269,140661586,132404336,4104111,3426467953,1199621377,454092313,760073383476199424,155064040,14071487,134752598,146600674,707636043562901504,195409750,93354555,176387462,155211167,2257161986,2892957732,264543313,160397845,3035716638,17041744,1572335857,4388891539,925078362,109519099,3282303163,1090641373,253938110,52876801,440052219,1610344716,44940172,726851210787979264,178697720,360623475,3068161046,170939623,277024032,6354502,2509949550,215270961,15982204,373148342,177177552,2181769143,777774072,112983529,428033583,3139636165,1881786662,92765772,148819885,1524583459,237941305,15721090,46610863,235865320,2711712037,376667789,701815858264322049,472985752,1974810612,2750137763,23048127,3190683740,1863750126,800185467538788352,2195101268,977900888,84863232,77198783,582769131,88934299,1326527461,2291460355,376848464,552513982,1233247134,2994800682,526116212,2516887158,99935747,319463207,1903582759,4673443538,3061307797,786526296436121600,331647240,162391882,108961569,176365227,3983110578,116399040,1962366420,737075095261188096,719171031039016960,119044678,2190383616,30221731,96301264,485235199,69876392,702642855588663296,595139186,304806782,555883563,303036121,325665913,803090686346076160,3187750460,440692431,1034540978,745616877473275906,1165846555,127850518,325413578,920733390,220942976,5707612,2392686698,4732173733,2489869620,243933223,839805786,2376778740,2577965856,103482322,729636779783917571,4111460479,1588820712,2468347933,967692247,66297785,196108701,1331302118,736469282188464129,176053446,3323015893,769430016438304769,3094369380,244934953,2932864364,1574997163,76930558,89914545,2169437282,737940702407991296,141610735,477375328,1389378229,1035989251,185154117,443554101,1607484811,194481637,2465862210,3876073340,1583594232,582494043,96301196,92004114,2343754692,1960742172,59111213,780131496,3328723975,311566253,3309086234,142259228,179959129,111134927,213652446,584337995,458359698,3401711,2953098450,172633862,195746332,3014443676,747770700497223680,383856076,131847523,154152824,246120775,764454329365344257,126781925,2909429360,619973341,4924576459,72030436,2377323757,1582593170,712931060829519872,437749202,4782826418,88400057,305337902,1343914832,337556529,2311741759,111868788,1516719872,2948034020,4755726978,181613766,35202072,115101698,120417286,95336816,1025942498,4518495380,3009063162,3194883110,709258447594725376,400720799,582661019,3935308512,66248781,139164333,1721569584,228019907,232816019,820482874101014531,2493043944,99065146,2255293753,66601333,1923257508,2916078391,125644441,2949640063,557749727,2531408874,100912201,2836663920,2318896046,86282544,1103443658,1490574733,1878666397,287402332,2383817438,2904052513,268215436,242690506,1245697345,166857250,1209260426,280046719,264320265,68956393,393421706,585767501,1901893176,3187970742,258617654,4608236540,117878511,162368053,554006233,784241862789832705,738899638594375680,516595727,177549105,248047831,3118908378,179374042,4463344212,121840316,717387731505025024,111464118,2951167880,1381911260,161327130,112675622,2536397517,97877512,272396116,126421794,3355354512,103207685,2352734053,4738509493,20063068,1318631102,109832030,2539568072,2278316137,1211861108,203576003,528978054,1547723784,269583605,467036619,820298958593372160,2589021998,2367230214,2170395426,395131101,561042124,108198353,239747335,3030049807,271446959,375989152,2605597950,109423388,3683058734,2816318186,92283339,99256908,753083036728717312,11637282,534895619,2191464510,582786194,2773016930,220260419,799103414856601600,269907583,156921608,1090857654,6525302,2489894508,3073274168,2588219065,2505612338,2744126239,165010333,719387684502786049,2601900296,951594751,98891949,3015929022,1687041560,103412033,1214934704,14489679,400026244,128508867,84617104,1319610176,4758838760,128215955,400186751,163862538,555731239,142880137,1840846752,543416483,60250728,3558795492,3688487773,1337317784,428288293,3208854919,2658981814,251985256,1116748572,550742704,1476368089,1962030606,226517687,1612545812,2354994482,51000475,773361242232750080,111880950,239280535,457142989,14054246,241946031,1550020328,474043610,4675237634,104243106,282854774,295311678,433195700,264920080,614065373,709718141509586944,256402505,355467508,295531868,487351847,472979573,181840920,2332723700,781398239702503424,79169816,406144362,238556216,604419012,504670586,313220725,152568882,1510814017,5524732,515530852,1680042638,2237142252,726446347113525249,708316241102942208,114966360,1903846218,112681712,1427842244,381391481,3167639346,5660332,276747244,72840900,3019959043,14731407,108925802,2662515085,1671505184,1015239524,348266025,438259292,207898949,769294651173969920,223131359,15327044,357439604,113393929,99068944,1570828464,223410747,3053959400,1420919810,1331354773,93247238,849258434,2322986196,135527624,729503358914953216,164165832,477662077,279995344,344078866,106359350,387567923,2429984528,3238392042,174432016,495499887,2215875354,2880648721,444716886,104118229,783558192936595456,2476262700,82054286,3286002368,194523471,764261509136420864,1413237433,1251554004,71688342,154764097,316449536,2246842249,325406995,4713535933,2306400685,211499786,2556638042,261589287,1673122076,591830667,3167057832,2233368990,3044183159,3119780238,114606028,443707029,759036149687984130,125569629,752460108660027392,1214939851,732938444532391937,1196793104,120158285,3059645574,113893439,834110205755432960,779509437157429248,2358047724,3141678404,2793934562,4296213266,711498075315933184,1663837200,2611329985,803251242,143395531,1001410644,2380754792,737975587,6187612,745596723192442883,2902607143,260214785,815897614478495745,4779249638,1346916284,6019682,1427652896,3045517662,1241285960,41335989,2781248400,68371366,86129051,3645201374,256799121,322532317,363711129,3186628429,17765984,310291557,75723508,2930409302,179059903,788538431613710336,3259579002,110597690,258352199,903709178,88103577,80860699,361238907,3107367884,172284071,232585467,1016464634,2771377226,267161682,3280197416,601548919,2231029604,126970895,3041585293,173726630,819701467070099457,3021901800,725843530095063041,1711375848,935118805,46597506,138443914,15206901,1159813495,3301413588,3257172907,4124412192,2896024994,3249344370,615266918,338640640,470056589,121948820,2951289997,2956051663,4882146885,2151176886,589998701,111036691,266503807,248753408,799066484358070272,329732278,759771283504570368,362401254,2214284466,487385052,388941591,174620708,362507353,287084597,508982156,84279864,700005120,2675768354,2245406827,51460145,773241152707276800,1704834752,1221853364,83868996,6386322,130486983,751641104,228271850,915801756,713012772045348864,93268087,3725394733,69739038,129026670,2887908324,113676702,196943352,52028082,3139042921,175451656,2466114385,3316270302,271916962,2680714453,300783266,607048619,812673573575737344,2842190244,150663506,572350830,2725598418,908154090,1180547846,4575757154,2993903329,733169253105307648,134776591,81546559,2997349466,236478094,1910610115,1640228828,266777507,718064547291004930,113559671,66341567,16237809,854858016,181891313,741993388073844736,2279876474,202239049,697005636467339264,724433845295017984,1254107040,2829605666,986764788,1402369591,3109652916,2852813784,55897052,329671355,167959130,947345778,173852199,1196230964,697414274856005633,2370226752,300766678,276497380,2604611660,69484065,229780603,60816628,716450801200136192,363040849,834376005980610561,119375961,14483249,2199874278,1028603990,536423216,2199625903,200823909,418305249,927643128,162287986
166053929,2258866224,328530559,3283209914,14514082,5532582,149585330,1962030606,1369359684,25043006,1264224049,487389327,747581004525666304,113697022,1427449448,293407200,109758782,2423813221,767035326,412165402,2402339690,2195101268,4662458904,63226619,362486249,241518702,3688495640,90078908,106732470,338640640,178685274,2936111448,2177090180,2167589748,3067325389,95913481,150876450,2429820356,196499771,3274075003,114678461,4349083873,120094779,2186295889,4711181012,278927574,189843586,3043419806,77898979,121908470,1114461792,2994800682,2854660555,3124329918,2752933818,2598050660,120133218,221302426,3043578366,2191448756,123057317,2263777033,544524702,953284290,425057562,2876664235,1412666898,4648590036,71258446,185154117,60250728,278123639,12740302,107042980,110370372,1384684081,760073383476199424,448485458,4830205428,2278316137,240709714,976523503,67307203,1929587263,122305557,295311678,3445180092,2909429360,1914531408,3835822874,109937762,4856011,2814256836,76891783,364322393,1492769724,2156662994,2384525437,140957446,2703204235,415375895,146691028,2260437121,2475304848,1331302118,350125392,45116366,2901049411,3998911995,740379549360230400,277946972,217998071,3061307797,867423907,343164845,175901162,2299460798,3235211724,266198172,163041111,592797308,15197042,3304139304,714111675834576897,757935824168112128,98031440,2210034768,174980721,855077462,44629928,999086167,803976831380508673,2255864408,719668881367937024,84863232,1207985966,776416227673518081,79169816,3234855203,585767501,266503807,4686042043,223723022,106923358,110705458,181613766,1402369591,157589649,1901893176,803251242,154914770,532277808,327967013,744712467473784832,538057579,716906391202439169,78560756,202176646,1640091848,165010333,6257722,564336028,4768642561,768108571682705409,3101197094,158584247,2750137763,715840055982555137,529256619,2338020751,105781620,2196533113,559580024,5660332,153387522,61615918,171024778,3155792923,3258841699,183181133,1524514772,2397470018,243165144,806977792449671169,30852799,742338043026112514,119379815,3120236053,791597552,2893641422,965924263,3187328923,3034468226,739721940026281984,135466702,17622782,351942181,3080187468,3230573191,546728886,741942302994665472,1713274057,150203938,1171293552,162339507,100939741,34175088,3119545434,30011055,2489894508,274533438,3034408261,1013033460,302928032,154152824,2998317348,781398239702503424,225347800,44628277,213236608,1368492708,5707612,4154918478,165147560,143021379,3947332213,2885084064,4543695072,159212067,2527587546,382087892,2385562248,1467244310,981531715,1613064720,282854774,2849833802,59111213,4468236687,799813018917814272,2450830255,406144362,57169686,3228930301,1929743694,25306646,305337902,4686011611,269907583,704091794066132993,1563237025,1030487389,721648549365059584,416876537,2766156750,2615595660,3269798672,894582775,2219883769,100378724,57972979,110358791,1274913919,184473835,736425679785320448,837234816558866432,3165942768,1474430012,582994919,253938110,200829722,537971182,5161091,2800789326,3045021295,2811434557,1913156420,1574290207,69001921,1588368044,2301058656,140839919,76930558,793676027641917444,2363841758,111880950,636753909,2787896394,565141916,14283262,2446881306,2286184658,55143079,386928380,212237100,107645385,183768765,7611042,2468761686,216633583,2153078023,2407596964,381391481,116126827,186647848,385325864,3277978334,467970267,513734114,939088549,3187539487,142605239,185602827,1229312719,36924470,4388891539,69014764,717012344,121117243,15888322,135188254,287021085,3040476331,230105403,3016258638,265381771,89982090,2498932416,5573352,1250752274,348512679,1403983866,1329547237,1450607336,140890169,481649658,583928448,586380468,2427209972,511311818,1562740814,128745563,3092684144,64361064,1304664565,2954885077,1640571146,2234860657,1881786662,82584006,4104111,732443208,3273648612,259213878,49009062,4597929194,248213331,378552499,125171112,60270551,15491520,1160622691,454092313,729265190336749569,105829199,916553269,136544724,723934291,63461143,14071487,551091308,3035716638,3282303163,287402332,1199621377,3426467953,93354555,271911626,17041744,160397845,246120775,2727851677,1572335857,612672625,126869577,1215189680,555883563,277024032,191868738,88934299,1090641373,3068161046,408255485,1610344716,3013693819,319643817,149946725,360623475,2311927812,108581537,229126526,562773398,3837985874,546632339,2509949550,95336816,4465169900,1487057005,112983529,15982204,746528875,1672184269,296227951,3139636165,177177552,176387462,161702581,179561709,143668234,2181769143,543416483,75173020,2999619314,777774072,1589957827,2489869620,779236687574511616,268053015,235865320,237941305,472985752,46610863,173726630,925078362,362401254,463362655,2711712037,99935747,453046221,95411578,109423388,11218912,2203420339,75304702,130486983,376667789,140661586,977900888,595139186,77198783,2675768354,744308421298528256,69739038,886193670,1863750126,388369087,1529231353,1214934704,1974810612,148750065,253145219,1647612522,15721090,153339375,98154805,1226785639,1326527461,3413591053,526116212,1274187872,1233247134,786526296436121600,1948804807,98891949,582769131,276497380,331647240,172396108,88386179,4673443538,115029977,23048127,796360412404989953,803090686346076160,702642855588663296,69876392,52876801,737075095261188096,120666528,303036121,2853975558,105086035,3983110578,257277305,759036149687984130,3170576534,319463207,1861508138,1034540978,162444870,3007915002,745616877473275906,304806782,780131496,852404306,110748603,3876073340,127850518,2860663375,744181377327763456,4732173733,787654825634705410,53598413,295626055,729636779783917571,147961646,836591001925894144,2468347933,375989152,920733390,112314862,2479331617,196108701,66297785,176053446,119044678,3323015893,205278010,477375328,2181805320,78941164,345298094,109759976,1389378229,796199161,220622170,314596015,2465862210,3888675980,2386251739,1583594232,1644777469,4880994851,92793928,443554101,131847523,141610735,2254646966,4880807249,108513868,96301196,582494043,1607484811,967692247,142259228,761339310805176320,108499170,458359698,2343754692,128508867,195746332,172633862,2362667282,111134927,3401711,3148812385,20063068,135527624,311566253,515387301,92004114,3267066625,82760669,3220381934,3171131006,619973341,428274126,437749202,27696649,764454329365344257,383707910,2953098450,483820417,379382447,99065146,217230385,3014161212,4839775813,163862538,179959129,1025942498,796697081238855680,337556529,4713535933,761093938690207744,1343914832,231270578,709258447594725376,88400057,2947813885,116710761,3014443676,118974500,1319610176,1428241868,782946853755035649,9496792,267161682,3229887271,557749727,400720799,2518491282,719508674633342976,111868788,631111251,15410677,176881179,14807311,44940172,389950297,139164333,115101698,35202072,295531868,275280598,1516719872,196943352,1167412908,1021585249,724747575971078144,108925802,815897614478495745,582661019,2357172241,761177743,1165846555,2840853390,738899638594375680,1035989251,49116473,232816019,755350691082743808,2257161986,1687041560,3935308512,66601333,820482874101014531,146800457,915801756,1923257508,748915333348462592,2402677115,1721569584,284076458,2493043944,86282544,2854338336,1878666397,1706876556,1103443658,75828566,2904052513,704930243325329408,1344776983,1297332128,143404547,268215436,1245697345,1209260426,264320265,280046719,50302754,2243990906,177549105,2311741759,2991094890,3031667206,3402271814,2916078391,158227376,717387731505025024,147079823,14204588,2197731108,121840316,97877512,4556832800,111464118,3118908378,99256908,1381911260,4608236540,376848464,271446959,540045117,162238598,103207685,741241809792159745,4738509493,128472697,161327130,2558095956,203576003,1547723784,69472367,376819743,112675622,501750305,2908846244,724718263519707136,3355354512,2352734053,100389301,405313158,2952347054,108198353,33466363,156921608,701508926471168000,820298958593372160,239747335,537824905,554006233,223286416,170939623,788774233,817048352130895872,2605597950,84282167,2816318186,2191464510,3315835183,555731239,528978054,46597506,4767353802,1013431068,2773016930,1840846752,548376650,316017782,70675887,582786194,1438477916,4575757154,164670171,400026244,2836342982,103412033,92283339,98369037,3272376428,2744126239,400186751,799627570446667777,50690090,128215955,1729258040,2910809791,940606650,179059903,158712858,2966099143,2658981814,130822837,142880137,3558795492,3688487773,831788292614062083,1116748572,368996234,1550020328,2601900296,428288293,912117680,3282680053,128543793,837354326,14648146,854065868,398653006,2810118211,11637282,2907947954,534895619,51000475,124670174,438259292,569162522,93291481,309485269,474043610,30445630,588974963,104243106,14054246,1602354282,433195700,107366362,507450159,14569397,4463344212,344612717,96239925,398759235,4024611,355467508,759257569328324608,256402505,630993052,129824349,614065373,472979573,595525996,2332723700,2466114385,3659975486,313220725,504670586,457142989,2180394756,145855797,147137111,152568882,2237142252,1476368089,515530852,1458967008,2283007519,1003801742,971435947,1680042638,4888081354,3053959400,14731407,165979380,255578954,3167639346,329671355,1427842244,325284034,631695066,72840900,1570828464,106722331,1612545812,1671505184,897549607,2351195210,866275639,384153539,2245330352,2662515085,264920080,732188440901476352,1603825117,223410747,1903846218,195409750,2322986196,357439604,225420705,164165832,208619138,1420919810,154510343,3238392042,783500067558653952,2703151622,477662077,1331354773,1241662844,174432016,333986096,495499887,444716886,279995344,2736697459,103303519,825722632125308928,1196793104,82054286,708316241102942208,783558192936595456,1413237433,71688342,114606028,233158153,2181917178,70050249,136854433,1640716315,114966360,125569629,160111545,194523471,433516270,1633134696,3059645574,154764097,418305249,732938444532391937,2246842249,120158285,779509437157429248,3196269806,355600538,1214939851,903709178,1673122076,711498075315933184,801122563225055232,1728478885,113893439,705041257,828337118,1241285960,3141678404,443707029,143638805,143395531,354036380,984450056,325406995,2464573315,3309086234,923580584,582597645,745596723192442883,469914970,260214785,347685856,179991082,41335989,94645451,1699232659,4777183178,1427652896,1072667600,3139872570,269583605,737975587,3306219499,238556216,734546785,217753585,261589287,68371366,2902602613,223071728,3259579002,143334718,4021939760,1340497334,160048630,4779249638,469889417,1103496770,442004205,232585467,14205810,802595731,88103577,584337995,110597690,2804774611,729503358914953216,4885527589,6187612,2771377226,764261509136420864,370956885,28770889,819701467070099457,340859143,990893935,1016464634,138443914,1427897413,110856455,3021901800,1711375848,1185681416,75723508,788538431613710336,935118805,2383817438,172284071,2956051663,2951289997,487385052,732487735307423746,3257172907,2231029604,786516823,4882146885,2151176886,790772695,226517687,80860699
114155473,166053929,582597645,2258866224,328530559,14514082,46828849,149585330,706845313156259840,1369359684,2195101268,68991795,784619564,25043006,487389327,113697022,1427449448,2482220329,2423813221,127125933,274454794,767035326,1343914832,63226619,2736697459,412165402,2968709888,241518702,2982043728,335233537,15114099,362486249,3688495640,2167589748,148268248,792655627612856320,4743088033,631860633,4104111,3274075003,3092684144,120094779,77898979,2402675282,3124329918,138818870,4711181012,123057317,278927574,22735634,2752933818,2429820356,3043419806,3043578366,2649542054,2263777033,953284290,2850408085,4621202298,425057562,114606028,1412666898,249023475,433195700,2876664235,4648590036,278123639,71258446,107042980,4830205428,1384684081,3149412728,592797308,99068944,122305557,2186295889,76891783,240159914,275252376,4882146885,416876537,415375895,364322393,801122563225055232,233353972,2384525437,140957446,258617654,44628277,3030049807,17622782,277946972,350125392,95411578,45116366,867423907,15197042,164289791,2832912835,5631872,217998071,4468236687,1234023889,221302426,168607318,110705458,2299460798,174980721,740379549360230400,718064547291004930,163041111,803976831380508673,293407200,379382447,98154805,69472367,2210034768,1249348933,189345241,3180235802,68331875,98031440,266198172,2589484308,113024706,1051408436,250016546,140661586,4920852000,1207985966,223723022,106923358,776416227673518081,107957736,28770889,61083693,4686042043,233135542,2992311908,2852667002,2338020751,100904392,154914770,716906391202439169,744712467473784832,64151683,3998911995,257166526,768108571682705409,4768642561,3328723975,529256619,105781620,147928032,6257722,1524514772,3312506029,715840055982555137,2888693330,2397470018,3187328923,243165144,806977792449671169,133543001,1367429958,559580024,61615918,3113233759,2332146613,78941164,2893641422,120034506,408255485,3268018452,785549586,3155792923,49116473,610466192,47588660,71248326,2498932416,351942181,1013033460,13001522,217230385,546728886,213236608,1171293552,535874556,2351488135,274533438,167312754,460256708,165147560,310101735,30011055,2468347933,302928032,3947332213,57169686,4543695072,708239481527083008,1582220683,704091794066132993,202698089,34175088,3187539487,1264224049,14283262,799750525,3182466757,12740302,1713274057,2527587546,981531715,3228930301,2450830255,636753909,226517687,109937762,2150792004,2475304848,3009443155,1030487389,711498075315933184,2615595660,721648549365059584,2219883769,1274913919,1185681416,968661612,1563237025,897549607,200829722,2811434557,1642297566,132851221,732247572899713024,719508674633342976,1913156420,69001921,5161091,362401254,1448496253,179991082,565141916,1474430012,207071154,3269798672,88385720,128472697,3317834365,1588368044,2363841758,136134010,2829605666,2787896394,4974361,55143079,3150834883,793676027641917444,2153078023,2286184658,2407596964,2368535203,386928380,837234816558866432,7611042,99935747,116126827,939088549,1610344716,74985376,2351195210,786526296436121600,1929587263,186647848,82584006,551091308,107645385,4822001774,1121806164,803251242,2371870938,802796128978599937,1041877309,513734114,467970267,52905641,121117243,230105403,15888322,106722331,100789975,2367230214,2216911134,232622398,69014764,2902602613,1403983866,287021085,89982090,1250752274,276953260,511311818,178685274,586380468,1304664565,448485458,1329547237,145993840,2954885077,348512679,64361064,2234860657,1640571146,78027964,355467508,729265190336749569,454092313,1034540978,125171112,1319610176,378552499,916553269,479454525,3068161046,136544724,100939741,704930243325329408,63461143,1613064720,3356416814,296227951,174432016,3249344370,216633583,1080984014,2916453350,2427209972,4667060478,2738962363,4378187414,14071487,4821154994,2489869620,105829199,90078908,3282303163,3426467953,116583207,3035716638,749488564975480833,375989152,17041744,93354555,23207847,383856076,594376110,526116212,589897426,78560756,1199621377,4576725020,1120986625,1451665674,301488928,3139636165,255483495,277024032,112983529,102012206,235865320,562085245,360623475,1090641373,734556473880129536,569162522,319463207,3261154178,1572335857,2509949550,15982204,177177552,176387462,134451576,160397845,472985752,2750137763,162339507,20574396,11637282,2181769143,595139186,103482322,777774072,237941305,1881786662,46610863,2711712037,2199874278,1862840096,925078362,1233247134,977900888,103366455,77198783,3035595002,1025942498,4508084360,1863750126,724919159444934658,177549105,331647240,1326527461,212237100,1974810612,2994800682,88934299,728411204742316032,1016464634,3241371656,582786194,376667789,69876392,582769131,127850518,3061307797,702642855588663296,15721090,1152553026,3537978979,176053446,4673443538,536124258,803090686346076160,562773398,1331302118,2337272023,719668881367937024,303036121,3245862577,745616877473275906,737075095261188096,86282544,2181805320,295531868,2373741096,3983110578,3876073340,162444870,4812885373,799054495778902016,4732173733,89558665,920733390,79169816,729636779783917571,708316241102942208,295626055,1583594232,40392492,1603825117,601548919,196108701,304806782,447584440,12626332,66297785,281588490,738899638594375680,287402332,119044678,2343754692,3229715407,582494043,2465862210,99065146,76930558,4145320993,477375328,1389378229,2928079639,98369037,131847523,3156133814,172633862,115694863,992328512,3323015893,3401711,141610735,96301196,3041678240,246750741,443554101,246120775,92004114,796199161,780131496,854858016,700677310022680583,1559952566,1607484811,142259228,458359698,114136193,3617139793,709258447594725376,162368053,195746332,130323367,154152824,139164333,437749202,759036149687984130,111134927,2243990906,17058687,767010223202586625,2214284466,619973341,23048127,14800072,14204588,406144362,1128022554,748808266612826112,821378960,3171131006,44940172,557749727,379609658,103752220,59111213,1721569584,106693868,764454329365344257,2909429360,2881378579,771079892347686912,163862538,1516719872,1065660787,400720799,164670171,305337902,967692247,1159735171,582661019,337556529,311566253,67044796,35202072,115101698,108198353,4713535933,1029633582,1609554908,62709676,181613766,2953098450,424954436,754886071792521216,111868788,101189087,1499874158,162635792,62261018,3123541958,345298094,95336816,3109619280,88400057,179959129,302589045,3031667206,1640716315,232816019,154764097,2904052513,1878666397,1706876556,176686492,820482874101014531,1245697345,118974500,1923257508,2999619314,3014443676,1163029970,243933223,268215436,2493043944,2675768354,3935308512,320115927,253145219,1547723784,1103443658,764261509136420864,1209260426,2489894508,156921608,111464118,18386837,264320265,161327130,1165846555,585767501,280046719,1574031367,717387731505025024,271446959,97877512,5573352,121840316,1035989251,387115487,158227376,1381911260,1396154448,272493866,376848464,170939623,203576003,84863232,1615074300,2416017576,4738509493,2893328989,20063068,82760669,4244044333,3118908378,4608236540,220942976,2311741759,103207685,1140115897,726851210787979264,2916078391,99256908,1021642374,937442394,725843530095063041,2852008440,1840846752,175241788,437533064,128796794,311403483,125010416,79140677,239747335,820298958593372160,788774233,2495658756,123876152,2352734053,83761113,1888908362,763282227597750272,1214934704,260251167,2605597950,849258434,4310298073,105408701,112675622,984450056,69279936,3227671838,3355354512,2816318186,2191464510,252021806,528978054,402615426,4824996074,98891949,133700928,555731239,751641104,554006233,1368492708,1671505184,66601333,2773016930,314967662,2278316137,1550020328,825722632125308928,962752736,17884379,14054246,161289781,27829621,145277289,1687041560,103412033,135845023,400026244,617025273,101741110,543416483,3315835183,357439604,540045117,428288293,400186751,1217604392,2744126239,116710761,380535413,120778148,128215955,92793928,2658981814,2949640063,3558795492,433516270,107366362,17331823,3688487773,4212353053,147145341,1116748572,92283339,142880137,490054809,51000475,128508867,5660332,438259292,1699232659,2601900296,801013732943937536,473878448,2514340927,93291481,1863855398,2275037991,474043610,104243106,124670174,256402505,2383480110,472979573,2332723700,544524702,534895619,614065373,194570881,3053959400,313220725,160151033,1350742926,504670586,223410747,729503358914953216,132404336,152568882,113746111,3167639346,100389301,14731407,717012344,2237142252,2381477892,781398239702503424,447631859,515530852,30852799,1570828464,116399040,1680042638,417973441,2322986196,264920080,142929617,72840900,3238392042,1214939851,21074238,3312796898,282854774,2413946532,1427842244,761339310805176320,2662515085,1968798920,6187612,1386019038,2882975708,2180394756,2781248400,444716886,195409750,4888081354,3059645574,2554264172,277333469,4027691,164165832,343164845,388369087,477662077,546861803,831618696,457142989,135527624,93198711,150926154,495499887,135466702,1420919810,1331354773,1903846218,1880174226,111880950,279995344,795912491138093056,2705492695,2198719886,2246842249,1476368089,783558192936595456,159212067,589998701,59654139,1633134696,238144988,1413237433,4463344212,298596544,120986200,1196793104,207588434,60270551,798869971279351810,101987838,779509437157429248,3256339280,2385902335,120417286,82054286,194523471,71688342,125569629,1612545812,732938444532391937,120158285,1082334186,2329724618,745335092,173187229,143395531,1241285960,815897614478495745,3259579002,228019907,3141678404,113893439,903709178,2558095956,3309086234,745596723192442883,4507606153,1467244310,269583605,713012772045348864,1673122076,1427652896,714117104446758912,2642522798,511514618,260214785,1438780542,41335989,4779249638,2229758856,443707029,68371366,114966360,325406995,1610333215,2270217308,545119130,215270961,165010333,88103577,138443914,194481637,59161851,737975587,700924668,110597690,180819084,346593752,3758624954,196499771,52028082,2771377226,232585467,16979586,819701467070099457,83868996,430594344,1711375848,3021901800,2951289997,52876801,743084460,269907583,3257172907,2335330172,723934291,124782164,51460145,443462781,362507353,935118805,3194931222,2391166176,136864085,1001410644,2155213092,261589287,316017782,111263714,2956051663,10546852,6386322,1704834752,111036691,113559671,697005636467339264,487385052,769205565922828290,2474911159,167959130,508982156,127794430,1902071160,3221749356,238556216,281257371,2354008052,2679930006,3266869692,463362655,2718480864,218083410,3155206722,2836575860,3413591053,144368192,1221853364,135668109,106295294,57972979,2842190244,805396656552218624,69484065,772725649077260288,2680714453,232858720,1389581684,183079588,3289614930,4880807249,2493888254,130486983,2231029604,75723508,2415809492,769054286965776384,2383817438,268195377,100491853,4678387274,1145655498,2947862881,322532317,15206901,2798998561,788538431613710336,172284071,2280673579,259522430,1910610115,5707612,178573508,2993903329,3313300826,1412993808,1318631102,527459582,607048619
166053929,1233247134,84863232,2982281856,138443914,582597645,1369359684,217294345,328530559,2258866224,14514082,149585330,25043006,487389327,1427449448,1034540978,113697022,108925802,2423813221,767035326,398653006,241518702,412165402,63226619,362486249,3688495640,15365284,123057317,113559671,3124329918,4711181012,557595892,3053533080,77898979,3176137200,553466099,3316817154,120094779,300735474,272493866,2167589748,381391481,3274075003,744308421298528256,4555311792,278927574,78560756,261476394,2752933818,3043419806,3356416814,2263777033,3558795492,247614791,55897052,1559952566,3181535172,3015031480,17622782,3043578366,4830205428,741705378858033152,953284290,3045021295,3194931222,305337902,1412666898,2789252004,184151791,2613340494,3161076938,425057562,205278010,2876664235,736493393690267648,278123639,740379549360230400,2556694970,2351488135,52876801,107042980,2982231246,3313011139,30011055,1276637418,927680065,3413591053,332549338,71258446,487367522,83761113,140661586,2565480336,4648590036,4924576459,592797308,4468236687,1384684081,387115487,415375895,2278316137,126579510,385325864,2329724618,122305557,2186295889,741257818414534657,45116366,76891783,472985752,277946972,364322393,100389301,801122563225055232,4104111,748761935588438016,3022125416,2384525437,62103993,2839990104,140957446,2236065025,584337995,311872255,350125392,166857250,217998071,2675768354,3252649116,221302426,174980721,61615918,2886459654,1683095282,867423907,316449536,3315835183,15197042,110705458,2299460798,454741179,163041111,2199874278,98031440,803976831380508673,124616624,2210034768,3053959400,374299687,711694081311657984,373995697,1555409330,1207985966,95423452,266198172,223723022,1711712635,106923358,90442963,776416227673518081,3187328923,68371366,59111213,1524514772,4686042043,836591001925894144,1013033460,81128999,768108571682705409,2338020751,716906391202439169,1572909170,164670171,426462761,28811940,723934291,487233268,213236608,3876073340,1371665556,86129051,6257722,202176646,105781620,2329402832,3092684144,2278426212,378552499,62261018,935118805,181613766,1574278896,2591882168,744712467473784832,4768642561,140761421,1090641373,177549105,635228827,529256619,806977792449671169,433195700,3287316680,218083410,52397103,154914770,715840055982555137,142880137,4157877853,226517687,559580024,2397470018,12740302,3998911995,58494741,243165144,416876537,165979380,2893641422,2381477892,777627996,704091794066132993,351942181,14490029,2601900296,3196269806,546728886,143334718,1171293552,165147560,274533438,297325785,57169686,14283262,3155792923,93857594,1453341853,44628277,302928032,3947332213,4543695072,2527587546,3187539487,981531715,66248781,34175088,55143079,1610344716,3228930301,636753909,1030487389,1713274057,66341567,14204588,230105403,273019929,4673443538,211800955,1563237025,2615595660,2219883769,2450830255,1274913919,555883563,84279864,721648549365059584,200829722,2811434557,1913156420,565141916,216633583,1633134696,1588368044,1000772838,779509437157429248,69001921,5161091,2153078023,1693666453,722631382208352256,796199161,414731801,1474430012,2787896394,825722632125308928,2363841758,2286184658,386928380,2407596964,289324309,86536807,108922784,154152824,3282303163,2181805320,3066310974,2795501394,172396108,6187612,793676027641917444,513734114,3269798672,148268248,939088549,427093744,7611042,228019907,2881378579,186647848,551091308,3326698596,151963142,467970267,116126827,586380468,82584006,3112776163,837234816558866432,121117243,4782826418,178685274,726446347113525249,2836656024,732938444532391937,615266918,76930558,1403983866,41787094,1376873455,95336816,2264189910,1331302118,51000475,2489869620,15888322,69014764,1640571146,107645385,60893404,89982090,61769634,348512679,1250752274,287021085,2954885077,526116212,2234860657,1304664565,2263635158,511311818,395389547,95913481,87963363,454092313,1329547237,786526296436121600,155211167,64361064,331647240,433516270,112983529,3145962408,235865320,3139636165,916553269,163851648,103291458,755787719821758464,729265190336749569,2877731900,136544724,127507159,3068161046,296227951,125171112,11588872,191868738,3228138577,99256908,772725649077260288,92004114,17041744,3108518246,446089252,3322478408,63461143,2477585239,760073383476199424,1668013274,1962030606,145452099,2870797333,14071487,248753408,269632504,2218828255,237941305,2195101268,619973341,2509949550,99935747,357439604,105829199,2468347933,2427209972,754770708,2303455392,14569397,632473568,93354555,2438407638,3426467953,23207847,277024032,67624535,3035716638,582769131,1199621377,118974500,360623475,176387462,2750137763,3328723975,3493408212,177177552,69876392,459932653,369914842,622525915,1572335857,1677006529,4088592973,4732173733,15982204,160397845,102944802,3256339280,945564403,2376778740,319463207,241946031,415552787,801013732943937536,16979586,595139186,2181769143,1516719872,1214934704,20909451,2711712037,1217604392,3273648612,81549776,221421867,127850518,373148342,777774072,977900888,46610863,1423260744,287402332,303036121,925078362,79169816,217230385,289403800,1427652896,1881786662,2994800682,109111349,799627570446667777,174902179,3140404699,1733362838,77198783,160151033,1863750126,162339507,1326527461,174432016,1603825117,1974810612,3077147490,707636043562901504,36914160,88934299,48879422,176053446,453046221,408175178,3061307797,315066615,2721482023,702642855588663296,376667789,2214284466,16285524,803090686346076160,2880648721,375508029,295626055,75304702,745616877473275906,743243748,1583594232,2386251739,220942976,2914512446,99065146,481824635,1343914832,62427717,161327130,737075095261188096,84617104,15721090,834110205755432960,2953558980,89599240,162444870,729636779783917571,86282544,3983110578,920733390,4188031932,763282227597750272,196108701,131847523,738899638594375680,740479524,2465862210,582494043,362401254,253145219,810904522285400064,95899796,173187229,260270202,66297785,2343754692,172633862,780131496,1389378229,112364582,304806782,437749202,714522762849570816,119044678,477375328,2505612338,44940172,557749727,266777507,2538616836,709258447594725376,799750525,708316241102942208,163066140,3323015893,724718263519707136,797543810502836225,82243014,96301196,2190383616,1673146046,92283339,2958469717,246120775,4713397333,3401711,443554101,168607318,84240596,3167639346,141610735,131469670,2311741759,4805761782,1386852734,458359698,376848464,766631804983836673,109937762,163862538,179991082,1699232659,142259228,4713535933,3039641227,2301116940,35202072,195746332,1607484811,311566253,480312019,2243990906,214392152,1025942498,266503807,764454329365344257,139164333,115101698,1140115897,2756764825,111134927,3171131006,2904052513,2909429360,2610019009,376819743,2885344326,60314413,160111545,400720799,213652446,7622742,582661019,310291557,192767456,3244666999,1721569584,337556529,2936111448,1360541562,4269995772,2953098450,111868788,268215436,106722331,1896337909,156921608,1923257508,336470916,3031667206,118714827,133279836,1245697345,1368492708,264320265,1547723784,1878666397,88400057,232816019,820482874101014531,967692247,1103443658,163777461,1706876556,800286483441545216,592214959,2464573315,1264224049,3145868815,105408701,1165846555,2493043944,111464118,179959129,1209260426,3935308512,3014443676,750603419241504768,1951776494,146320096,271446959,585767501,717387731505025024,280046719,170939623,275605379,554006233,3261154178,1036891830,106359350,98891949,2956746224,1451665674,97877512,121840316,203576003,2916078391,47588660,719668881367937024,1381911260,4608236540,501750305,119767288,158227376,23048127,2605597950,1840846752,483543713,20063068,4738509493,1293552186,38114611,764261509136420864,983785309,528978054,108198353,428288293,128508867,543416483,1016464634,4838600604,3156133814,788774233,14054246,103207685,239747335,820298958593372160,3118908378,155511166,223410747,2191464510,2935392607,540045117,555731239,118095138,412268132,1550020328,1035989251,2816318186,2352734053,1121806164,504670586,112675622,66601333,313220725,3355354512,14236392,2773016930,3170576534,400026244,301488928,103482322,1687041560,93291481,2840823433,820129963,4880807249,103412033,98369037,400186751,89914545,152568882,582786194,2246842249,549195296,103278735,479367164,128215955,276497380,3221749356,2744126239,2658981814,438259292,727738475492089857,1116748572,181840920,97931629,2357762390,566895854,440692431,139931339,472979573,1543001766,768872370845069313,1400127397,1306110548,3688487773,2781046033,614065373,249023475,347739325,2332723700,5660332,594376110,2935354328,2909978522,729503358914953216,310348051,1001410644,71248326,1017431660,67307203,1214939851,355467508,496640757,192704572,2196533113,18115386,2391414840,256402505,284058607,109519099,104243106,3659975486,101987838,760702821633327104,708819818443464704,792370440433917952,474043610,2322986196,124670174,99068944,1671505184,1570828464,515530852,277333469,14731407,1582220683,173096808,1396154448,619182875,100912201,3238392042,134448922,232585467,711223036087705600,704289300242796544,110708439,2237142252,167959130,2921490368,2221621057,168006549,3237647545,108583158,72840900,253938110,1217589314,117132594,49116473,781398239702503424,1680042638,1704482827,1427842244,2662515085,2829605666,159386338,486310947,2457978830,444716886,4501201,483820417,3159626886,747633123924422657,424954436,158324862,282854774,534895619,243933223,264920080,11637282,3040476331,3724739232,3059645574,477662077,270802850,164165832,195409750,495499887,4507601538,1420919810,135527624,1331354773,1536624618,2512659728,617025273,447717052,111880950,114606028,4660682016,1196793104,406144362,279995344,135466702,1413237433,479464752,915801756,2759083950,761339310805176320,3309086234,2842331558,1903846218,783558192936595456,785549586,4508084360,2423948796,3402271814,154764097,126879748,3445180092,799054495778902016,4882146885,711498075315933184,837254208,457142989,3259579002,545119130,5631872,157163299,126248975,1350742926,3801330750,22360236,1319610176,194523471,3018372985,125569629,71688342,759036149687984130,362409515,120158285,1241285960,11284102,375989152,712825972341407744,3304226066,143395531,745596723192442883,562773398,516979197,144816119,179561709,903709178,1476368089,2326634994,1396874545,3141678404,546632339,1965755450,2842190244,2229758856,2265895489,113893439,744550453346656256,269583605,250923077,2475304848,89237626,37165003,2171901824,3411521,260214785,66309607,141969113,45284903,439613457,1612545812,627986497,88385720,4779249638,1673122076,287025479,2493888254,101741110,88103577,78027964,134752598,113901544,1297332128,737975587,1239041928,2680714453,17445709,443707029,18468872,2728836824,3668926099,854858016,734556473880129536,4463344212,1711375848,819701467070099457,4534352533,41335989,4847883009,116399040,51460145,2771377226,110597690,866157589,3008072456,1362181945,3277341248,508982156,144368192,3021901800,487385052,1462827506,268231129,3320623284,238556216,1412674033,2543433716,240698532,135668109,1428241868
166053929,328530559,2258866224,84240596,750196094659801088,147961646,14514082,149585330,247614791,25043006,582597645,136864085,1369359684,253938110,3313011139,786013234138525697,86524045,2346957366,17041744,487389327,940606650,1427449448,113697022,2423813221,99515753,554281984,437515024,4782826418,1582904730,473878448,4743088278,90078908,767035326,412165402,4068699014,3274075003,3192572094,2512659728,761177743,99518839,2180039762,241518702,1713099140,123057317,768108571682705409,63226619,77898979,120094779,362486249,355467508,3688495640,154914770,3124329918,4711181012,2167589748,278927574,592797308,2386251739,3036533292,129824349,96295896,2752933818,1572561522,2193852151,740379549360230400,3043419806,771253759758311424,1392019976,165256946,4830205428,371563865,2489894508,1412666898,2263777033,953284290,358769277,143638805,765761548933554180,173726630,16809790,107042980,2570664744,3043578366,425057562,2876664235,2997349466,301488928,803976831380508673,745884462920138752,4686211148,362401254,278123639,1266757412,415375895,71258446,2186295889,122305557,1384684081,140661586,4648590036,2384525437,1718002796,120459554,277946972,364322393,45116366,76891783,217998071,174980721,87479134,867423907,44628277,140957446,559580024,221302426,1320883860,59111213,207071154,824279955785666560,350125392,2536397517,110705458,15197042,76223034,98031440,61615918,801222868746924032,610367732,448485458,18468872,236948768,3092684144,1563237025,1330713522,213236608,163041111,2299460798,2210034768,223723022,1207985966,106923358,1331302118,14283262,266198172,240340746,3187328923,239026970,295311678,1013033460,311872255,17622782,777627996,105781620,3594779112,100912201,90522012,4768642561,776416227673518081,715840055982555137,127850518,3998911995,34175088,84863232,716906391202439169,104823519,336470916,177177552,2338020751,2711712037,6257722,617025273,4686042043,529256619,383856076,2615595660,806977792449671169,51460145,1524514772,1242531530,744712467473784832,2397470018,243165144,165147560,831788292614062083,416876537,30011055,140761421,189850181,704091794066132993,2893641422,4147795518,351942181,772725649077260288,2527587546,546728886,63461143,1171293552,202083315,57169686,4543695072,3187539487,274533438,53638750,2214284466,302928032,1610344716,619182875,3947332213,4468236687,140021552,4378141,12740302,251982104,142605239,69001921,3155792923,3185718366,3332815460,1165846555,47588660,1030487389,377955975,55143079,324187009,3356416814,981531715,92004114,3325221866,400720799,319489095,551091308,3228930301,562085245,1173928399,230105403,1658874913,636753909,385325864,565141916,148680577,707551538177118208,1588368044,2153078023,267716354,119767288,2219883769,64098572,6525302,4104111,1274913919,200829722,177549105,1840846752,43382625,2181805320,3221749356,176053446,113946504,2450830255,2811434557,1913156420,721648549365059584,1125217380,866275639,2407596964,2357568798,1713274057,116126827,5161091,275605379,474043610,1474430012,186647848,2787896394,3031523547,1343592734,487233268,741115758361645056,78560756,3183094860,386928380,249023475,2286184658,79169816,14807311,821378960,2363841758,1090641373,1640571146,786526296436121600,108868191,939088549,3229887271,586380468,308327511,2881378579,84617104,331647240,113027922,264627362,3269798672,173096808,726851210787979264,378552499,373383877,1386074683,739423480207134724,3067325389,513734114,148268248,793676027641917444,7611042,121117243,3558795492,512947663,1034540978,2341519854,20909451,121908470,3008072456,224576310,216633583,2234860657,167240403,141610735,86282544,4880807249,178685274,2814601164,293407200,348512679,82584006,214392152,1403983866,176387462,157349279,128405708,15888322,69014764,631877872,4501201,287021085,2195101268,2461133713,467970267,2489869620,526116212,17445709,1256618959,1250752274,927643128,3402271814,897549607,181613766,159807655,89982090,2954885077,1319610176,66309607,589682624,3035716638,99935747,112983529,375989152,1374780614,2509949550,235865320,1128022554,1329547237,837234816558866432,103482322,511311818,228662131,1923245996,710825790405881856,712825972341407744,258617654,1304664565,2558872441,454092313,273013975,619973341,1217604392,986764788,136544724,17058687,2773016930,160397845,3139636165,825722632125308928,4388891539,107645385,2750137763,238144988,2417112420,99068944,64361064,2264608550,296227951,916553269,237941305,729265190336749569,3068161046,818125437314351104,1337317784,4858364210,115101698,125171112,1582220683,472985752,14071487,360623475,2495658756,112364582,88934299,595139186,3282303163,277024032,1233247134,1640716315,1516719872,32957380,287402332,93354555,1016464634,2381477892,105829199,14483249,5707612,109781762,1199621377,3426467953,4554697034,708316241102942208,99065146,1572335857,241946031,120778148,977900888,2994800682,4732173733,2429820356,162339507,15982204,295626055,60944774,803090686346076160,3112285123,161327130,108581537,1863750126,2181769143,202698089,4296213266,2932864364,763363108278575104,3031667206,319463207,3263657660,118974500,2366929428,304806782,139164333,480202138,2675768354,1583594232,69876392,303036121,2687845069,46610863,376667789,170939623,154152824,116399040,4755726978,3260727974,2988673788,412934990,777774072,6187612,925078362,745616877473275906,780373226455076865,1485011076,77198783,3110298133,3316817154,1025942498,1881786662,941073734,1326527461,2240438990,3061307797,126579510,1248659096,702642855588663296,1974810612,3876073340,4673443538,967692247,618693326,370103075,45873670,582769131,160048630,2589021998,920733390,131847523,737075095261188096,15721090,729636779783917571,780131496,722951982,232816019,1389378229,4635865934,2343754692,162444870,86129051,379382447,115694863,76930558,2766495235,44940172,103005243,738899638594375680,4713535933,425391700,2465862210,709258447594725376,172633862,2588219065,3983110578,2541834019,196108701,582494043,4834854074,3181535172,437749202,854858016,1462827506,2860663375,148401735,2238859284,2184174919,3182466757,2170395426,1673146046,249181779,716184569712549889,2468347933,66297785,2306201568,230387191,702376637392932864,260103302,163862538,119044678,311566253,2594651228,376848464,1368492708,775946400,246120775,1746003552,477375328,284035120,796199161,724518476228923392,557749727,96301196,2243990906,361195532,2311741759,103412033,113746111,443554101,119092718,458359698,3323015893,3401711,472979573,35202072,253145219,2229758856,232999481,4027691,722019468214317056,764454329365344257,142259228,1860453498,3299204690,4087042812,129806087,195746332,2601900296,337556529,1547723784,271446959,130750298,1607484811,111464118,582661019,1721569584,2904052513,145855797,2173901083,305337902,2589539666,370956885,4728486540,268691186,1343914832,3171131006,1245697345,799054495778902016,111134927,2909429360,268215436,2604224318,98891949,95336816,2199153319,109937762,111868788,157958612,504670586,1140315960,264320265,740842406,610574858,730274575464857602,2953098450,4924576459,156921608,1878666397,714522762849570816,3238344735,198878894,1923257508,849258434,107366362,1362181945,146320096,134752598,764261509136420864,223132798,159212067,1103443658,3068231744,562773398,66601333,1196793104,4822001774,2474911159,820482874101014531,2605597950,88400057,614065373,2151176886,223410747,106639698,238556216,1214934704,382732869,729222761109823489,2706032359,211800955,2816721649,1248105421,554006233,243933223,2493043944,1706876556,1209260426,1420919810,150569759,217230385,753425423036395521,305335709,3234855203,3935308512,3244666999,790551291374088193,543416483,75723508,717387731505025024,87963363,113175398,179959129,585767501,3053959400,453912236,203576003,537971182,2852621401,280046719,2839377176,97877512,2916453350,147530052,428288293,2278316137,133539790,3014443676,17676845,280092340,1243501165,121840316,1202117724,4608236540,3668926099,3184597658,4738509493,158227376,106680549,1381911260,92283339,125569629,98369037,20063068,400026244,1159735171,3304226066,1671505184,108198353,2916078391,528978054,89944323,584337995,788774233,14054246,239747335,1550020328,343077333,859515121,820298958593372160,481493965,3130179908,103207685,2918770074,212237100,2191464510,93291481,309189231,540045117,555731239,87198273,105304440,2352734053,153047140,114606028,16069066,1116748572,104243106,1076751606,2893328989,3118908378,793692179470258176,2816318186,51000475,1214939851,632433,524276382,95411578,723934291,2852813784,1687041560,1035989251,277479850,2514846540,2251830060,400186751,1572909170,2744126239,112675622,108145393,3355354512,3041678240,2221260234,138292326,128215955,582786194,23048127,2773407060,438259292,801013732943937536,2658981814,108925802,2545824511,220942976,343164845,3688487773,2246842249,93857594,106722331,453046221,1197067507,2203001954,99256908,5660332,1451665674,2332723700,783691840717336576,444716886,154764097,143018995,125106017,2322986196,515530852,142880137,768545203,321897940,3116344153,2958469717,256402505,232585467,128508867,495015238,2885344326,477432894,113559671,3167639346,60302547,1570828464,2613340494,2351195210,96549656,3810477853,313220725,433195700,1013431068,763282227597750272,109111349,463362655,1427652896,101741110,163777461,14731407,501750305,724747575971078144,6222522,240159914,152568882,128745563,745596723192442883,3238392042,167959130,4078875493,192767456,58405870,2237142252,3261154178,799813018917814272,124670174,1633134696,2894633588,433516270,2455167175,3481494380,3326698596,72840900,732415501100417025,11284102,729503358914953216,1001410644,3309086234,354129225,2935102296,104103380,3139042921,1680042638,1603825117,781398239702503424,2662515085,3843153554,1476368089,3059645574,174432016,1427842244,465944817,2842190244,3357260413,477662077,164165832,495499887,109442950,603706599,146800179,195409750,907776512,38114611,2921490368,799750525,3022456422,2719007846,4776240319,117132594,135527624,264920080,111880950,1331354773,114398223,4882146885,3259579002,279995344,2851459411,357439604,3328804273,136709555,2999619314,1413237433,138782673,211814797,1155373262,369914842,711498075315933184,534895619,95913481,282854774,2680714453,1241285960,1499874158,779509437157429248,139931339,783558192936595456,406144362,135466702,2301116940,113901544,1903846218,1850095158,432791016,71688342,2433876019,173467768,119491689,368996234,732938444532391937,3048779947,120158285,247558355,759036149687984130,2862465704,2427209972,143395531,138443914,2936111448,110597690,2186003660,4662458904,194523471,457142989,2968709888,805613365200449536,761339310805176320,737975587,3141678404,903709178,269583605,68371366,2986115947,113893439,260214785,52876801,255342023,508982156,91131102,797545694,106359350,1711375848,145452099,2951289997,2356542222,88103577,18115386,325406995,144368192,4779249638,3257172907,84279864,69484065,2493888254,1559952566,232478222,411244259,41335989,443462781,168006549,362507353,819701467070099457,1379454817,2956051663,632473568,1673122076,1704834752,1344776983,316017782,2771377226,106295294
176053446,30221731,166053929,328530559,14071487,2842304388,2258866224,14514082,14205810,149585330,25043006,487389327,1369359684,1427449448,582597645,35202072,113697022,146320096,2423813221,767035326,412165402,415375895,152113118,3531933792,2468347933,241518702,1574725248,123057317,3100206492,2203001954,63226619,364322393,77898979,120094779,2808820982,2257161986,113940659,135668109,17622782,155211167,362486249,3688495640,2168788370,4923818598,3119545434,3260727974,3124329918,627025875,247614791,84031134,713923982161014784,4711181012,3274075003,92554637,2167589748,1217589314,1672171886,117913533,278927574,2216911134,592797308,2752933818,1672184269,3571582934,630993052,1233247134,62471310,1412666898,3043419806,4830205428,2243990906,337556529,2263777033,126421794,740379549360230400,59111213,15491520,953284290,69484065,425057562,3043578366,2868894564,233827914,89944323,69472367,803976831380508673,5573352,2155213092,166669927,2291460355,260270202,2876664235,278123639,1384684081,122305557,633090589,107042980,2914762160,149445188,4702757546,4440815893,174980721,733021288629829636,71258446,2186295889,45116366,559580024,2384525437,15721090,283108602,702491056361705478,86129051,277946972,3251785669,140661586,2852621401,4648590036,221302426,1699232659,76891783,867423907,999754338,217998071,140957446,4388891539,319491978,1866980005,350125392,213236608,98031440,15197042,84863232,723521226656768000,2370273984,1714567393,1324490570,110705458,1563237025,125644441,3187328923,264802284,2514846540,113901544,14283262,50332170,61615918,2773016930,2367230214,2210034768,2299460798,2378340265,131542323,163041111,855077462,1962030606,768108571682705409,135024885,2512659728,17884379,3998911995,2254232792,1140115897,223723022,1207985966,1886224830,4349083873,90078908,255578954,106923358,104103380,3192572094,4768642561,1013033460,266198172,632473568,105781620,776416227673518081,780131496,2169474756,529256619,715840055982555137,747933223,716906391202439169,105546083,763954429678657539,4805761782,1396154448,3045517662,2338020751,179059903,1929743694,6257722,2942968777,331647240,3284151343,448485458,1524514772,806977792449671169,4686042043,744712467473784832,2397470018,243165144,165147560,154914770,1632868171,704091794066132993,102730218,416876537,30011055,2893641422,113027922,1875408325,1171293552,2527587546,351942181,546728886,1469752718,57169686,3235778006,12740302,274533438,3050035860,302928032,4543695072,718064547291004930,1293552186,617025273,1030487389,44628277,1610344716,4468236687,807880728339890176,3947332213,92004114,2749100888,215270961,2427209972,128508867,69001921,636753909,4104111,57841747,427214413,108961569,480183960,3187539487,551091308,544279755,55143079,3155792923,981531715,772725649077260288,230105403,3228930301,142259228,565141916,379382447,1016464634,1588368044,450577915,2153078023,2219883769,1165846555,2396823888,586380468,21478350,102890665,34175088,379130207,1274913919,3735147132,177549105,2916776023,1446408986,597398649,2407596964,1034540978,2615595660,3040476331,103752220,59654139,200829722,95336816,278928819,327967013,2811434557,47588660,584337995,1913156420,721648549365059584,62103993,732415501100417025,4743657258,347685856,250016546,769294651173969920,1640571146,375989152,5161091,287021085,2450830255,96301196,149946725,2787896394,815897614478495745,1211587062,3516660457,1474430012,116126827,311872255,398653006,386928380,233353972,1582220683,108581757,190825290,939088549,1405305187,78560756,64723017,1264224049,120986200,2229758856,148401735,2286184658,1351095241,2292844322,2363841758,186647848,14593489,2994800682,3066310974,1284821245,1713274057,721852528816558080,526116212,2234860657,121117243,7611042,154152824,378552499,801013732943937536,821278981,2509949550,854065868,513734114,433195700,4885527589,100912201,793676027641917444,2195101268,178685274,82584006,1403983866,2416017576,226517687,3269798672,33466363,162444870,348512679,69014764,748087814194028544,176387462,770702994,15888322,362401254,437346674,76232408,2489869620,100389301,1248659096,3272542110,111856529,1329547237,1331302118,196108701,115101698,181613766,877601046,454092313,1250752274,2582091972,160397845,99935747,2936111448,467970267,133354204,112983529,253938110,89982090,2954885077,235865320,267542533,3092684144,1304664565,296227951,793692179470258176,174902179,3035716638,619973341,1516719872,3273648612,511311818,3139636165,185112212,216633583,136544724,916553269,2904052513,3170576534,4486744412,729265190336749569,3323067925,1400127397,109937762,17041744,1261905631,156550932,287402332,243933223,2908105332,64361064,1308941780,237941305,164289791,837234816558866432,1975990291,472985752,127850518,3282303163,3068161046,829124923,107645385,2750137763,819442086009155584,125171112,119337551,1582348116,123786839,360623475,277024032,595139186,88934299,83868996,3266835332,63461143,177177552,336470916,99065146,295626055,93354555,98154805,1243501165,1090641373,977900888,2400638310,2306201568,487230954,1199621377,1572335857,4732173733,105829199,3356416814,1310515812,15982204,11284102,744137220404043776,2841329610,69876392,3426467953,183181133,147908106,139402255,4686011611,68312128,708316241102942208,1524583459,126869577,786526296436121600,803090686346076160,801122563225055232,925078362,103045051,745616877473275906,62261018,303036121,1863750126,121109434,2578584218,2480018731,4325708541,228662131,2181769143,1583594232,10546852,120778148,44940172,4121184132,2881378579,161327130,537918971,2386251739,109111349,46610863,1399411568,162339507,148268248,304806782,370956885,1492885550,2711712037,777774072,2246842249,77198783,3876073340,207071154,86282544,3061307797,745060777535516672,1331789449,319463207,2381477892,5524732,109519099,1326527461,702642855588663296,543416483,3724739232,115051311,174967198,376667789,1603825117,1974810612,400720799,1881786662,42553433,214392152,3286154971,200823909,920733390,4732795464,76930558,232816019,109832030,726446347113525249,55112346,4673443538,762609913629552640,747770700497223680,1319197974,1485011076,825722632125308928,3031667206,3313300826,116710761,271446959,582769131,235745623,131847523,802796128978599937,3315835183,126913884,737075095261188096,1389378229,140196589,796199161,729636779783917571,172633862,2343754692,595525996,738899638594375680,2562754196,896994926,2465862210,709258447594725376,557749727,2706032359,967692247,792737659583987713,4713535933,119044678,582494043,3983110578,2245406827,4548093644,266497511,1214939851,751641104,140021552,376848464,66297785,57972979,554006233,139164333,437749202,143668234,3400908320,246120775,477375328,771049145721167872,132491723,3401711,481665043,582661019,210404823,311566253,369914842,316017782,128121703,443554101,1547723784,458359698,1159735171,1025942498,3323015893,163862538,764454329365344257,195746332,141610735,1245697345,238556216,395605252,200565066,383707910,3186968953,43530343,264320265,196503158,135527624,1402369591,764261509136420864,2993596106,3217461834,1343914832,1640716315,1607484811,2311741759,1923257508,723934291,305337902,111464118,268215436,255342023,3171131006,2601900296,2372143238,1721569584,156921608,53638750,2909429360,111134927,1878666397,98891949,111868788,110138953,1706876556,344612717,1103443658,2953098450,614065373,223410747,217753585,534895619,2991084589,1214934704,1499874158,1196793104,66601333,504670586,3186628429,820482874101014531,58494741,89599240,1013431068,154496537,170939623,2605597950,88400057,2283861697,1209260426,84617104,119767288,112364582,834110205755432960,2493043944,263044301,717387731505025024,60816628,4906303806,3270234486,390031212,2766495235,585767501,332187159,1420919810,2589021998,126579510,3935308512,2565480336,431357290,354036380,203576003,2417112420,253145219,3053959400,97877512,3184368337,121840316,88385720,4769165977,529566623,179959129,2495658756,759771283504570368,280046719,428288293,528978054,1431607267,318434554,4738509493,1381911260,97393556,98369037,1840846752,2218745564,158227376,3014443676,3008072456,133543001,51000475,1050884977,799054495778902016,786522855785631744,748718259550035968,4608236540,3558795492,20063068,400026244,773241152707276800,781398239702503424,147530052,562773398,1671505184,2885344326,92283339,788774233,227612556,275605379,108198353,1142498868,239747335,93291481,186125732,143638805,2191464510,329671355,95411578,28770889,2408552234,1550020328,1403761568,14054246,820298958593372160,555731239,1060197763,284575303,986764788,1673146046,103207685,1035989251,114606028,2352734053,104243106,2916078391,2816318186,3067325389,472979573,2150223391,708743839,143334718,103412033,179374042,1687041560,207464042,792319978418483201,3118908378,109146393,724718263519707136,400186751,6187612,1116748572,3238392042,249023475,2744126239,128215955,53328718,127794430,2275037991,3309086234,2658981814,433516270,582786194,284950784,589682624,4856011,3326698596,3688487773,112675622,3355354512,2332723700,1396064270,4838600604,444716886,5660332,438259292,106007745,515530852,3313011139,154764097,2322986196,184085313,163777461,615266918,1570828464,99256908,763282227597750272,2675768354,125569629,142880137,355467508,3167639346,2935665840,256402505,4779249638,2572827714,2301116940,474043610,113559671,1427652896,2482846543,1459753092,313220725,217230385,174432016,745596723192442883,14731407,152568882,2237142252,511292542,23048127,240698532,232585467,72840900,485274019,167959130,2567307780,1647738492,270802850,901518032,774442261778018304,729503358914953216,111880950,108925802,779509437157429248,277479850,2862501254,700696584388943872,124670174,1394022924,737559606788952069,1269330781,1680042638,16979586,119207660,269583605,3059645574,2662515085,3005740748,903709178,410456622,2383019011,3246031,477662077,1427842244,2351195210,164165832,495499887,2842190244,195409750,57385998,625678995,4880807249,610367732,14807311,4882146885,239026970,17445709,1413237433,710825790405881856,711498075315933184,1331354773,5532582,42040834,1476368089,279995344,2953558980,575280624,1241285960,357439604,1001410644,3259579002,4888081354,1467244310,983785309,490054809,2999619314,2262071946,2680714453,783558192936595456,68371366,135466702,406144362,243554498,120158285,732938444532391937,160111545,129824349,96455430,96715567,146482503,71688342,803393343145185280,264920080,15365284,147187097,138443914,759036149687984130,3810477853,143395531,282854774,3032565409,3183094860,70675887,1903846218,84279864,104823519,110597690,324204408,111305124,371563865,448183103,372851748,1320883860,194523471,3141678404,86263086,711821317528354816,110748603,106359350,1217604392,106722331,260214785,3189365473,487391463,113893439,60250728,737975587,120666528,1633134696,457142989,319461778,6386322,966221448,508982156,4222761972,1640228828,697005636467339264,550320505,16412925,1277935184,268231129,799813018917814272,172284071,4911794112,173726630,1647612522,589998701,3075814016,2221621057,287084597,308387741,1362181945,483008128,4736964470,560421099,616881971,582755594,173852199,2292852090,368996234
166053929,328530559,1215689899,2258866224,14514082,1850095158,149585330,17445709,25043006,207588434,176731145,487389327,1369359684,100912201,277983045,725263103437340672,3008441022,1427449448,1451665674,113697022,3192572094,3524312660,2423813221,582597645,142259228,767035326,241518702,292254624,412165402,63226619,123057317,3532477212,4711181012,77898979,470024156,362486249,333986096,912037436,174902179,183181133,120094779,3124329918,752420199727443968,3688495640,3274075003,203032385,2167589748,4782826418,1627564316,592797308,98031440,278927574,634541985,2752933818,1412666898,2263777033,4830205428,4839186290,62261018,3043419806,278123639,953284290,2283428048,425057562,740379549360230400,2152420969,415375895,1016464634,526116212,174980721,6666552,3112776163,807190891,3043578366,2342986610,595139186,1384684081,803976831380508673,2876664235,107042980,122305557,2186295889,440692431,3149412728,71258446,45116366,2384525437,559580024,815897614478495745,718064547291004930,277946972,345596407,106923358,105781620,263044301,247614791,2475304848,364322393,163862538,4648590036,179059903,221302426,76891783,2528401320,372148063,217998071,867423907,140661586,437515024,2932864364,1669703100,1603825117,140957446,350125392,1333844276,213236608,15197042,110705458,3187328923,836591001925894144,710825790405881856,163041111,14283262,820172655554744324,148268248,2453789172,3268018452,95336816,1563237025,2210034768,2299460798,75723508,768108571682705409,1640716315,1346916284,1207985966,837234816558866432,3998911995,154914770,974075084,134776591,61615918,2880416329,223723022,729222761109823489,1013033460,2268910746,4768642561,17622782,529256619,776416227673518081,266198172,2382200108,293407200,2338020751,716906391202439169,715840055982555137,2258705023,138375561,6257722,1524514772,806977792449671169,150876450,2397470018,744712467473784832,165147560,4686042043,3185091116,1813277905,64098572,704091794066132993,205278010,176693696,3309086234,247558355,243165144,416876537,89944323,30011055,4255949772,2893641422,1171293552,2527587546,114136193,351942181,546728886,4543695072,70675887,2556638042,562773398,57169686,12740302,1859898992,772725649077260288,5573352,209921239,3947332213,849258434,14483249,4713535933,274533438,130480219,724246737871720448,302928032,3724739232,1030487389,1329014562,44628277,1610344716,4468236687,116399040,167312754,69001921,636753909,92004114,3228930301,3099710810,2362667282,803090686346076160,55143079,2750137763,551091308,230105403,3187539487,981531715,2512659728,2729501544,1388670530,2457598759,241870747,565141916,755627138502520832,2153078023,3155792923,1588368044,2219883769,1214934704,617025273,4412470574,1613064720,586380468,1274913919,2931249776,200829722,1034540978,2811434557,2615595660,2407596964,1913156420,177177552,1518429902,1297332128,4104111,225420705,176053446,3282303163,34175088,721648549365059584,101741110,826073553510338560,5161091,99402683,1319610176,287021085,153339375,4732721839,1165846555,2787896394,386928380,507450159,762253469629632512,224171470,3116344153,378552499,183079588,151396743,306186328,1474430012,522337173,186647848,78560756,2286184658,3157147598,939088549,747770700497223680,951594751,3356416814,331647240,2234860657,269907583,2721756968,2363841758,2450830255,116126827,4706662398,241946031,1640571146,2509949550,2613340494,184151791,2195101268,1874866345,4501201,121117243,15782989,713012772045348864,2229758856,7611042,181613766,2882975708,14365306,17772196,271911626,178685274,65945993,47588660,513734114,1403983866,793676027641917444,82584006,69014764,15888322,2954885077,1713274057,348512679,1329547237,454092313,1250752274,99935747,78660259,115101698,1159735171,3165942768,707636043562901504,3269798672,112983529,2705492695,287402332,316017782,1036891830,2489869620,89982090,619973341,2769505591,467970267,176387462,235865320,1217604392,56416155,371563865,1293552186,1333537136,296227951,1304664565,1721569584,2514846540,3092684144,3139636165,216633583,729265190336749569,160397845,311872255,511311818,916553269,3035716638,17041744,88934299,1015257554,106415431,1516719872,59111213,1233247134,5660332,214066224,2904052513,136544724,64361064,1572561522,237941305,472985752,106007745,127850518,3068161046,125171112,14071487,222650025,360623475,130822837,211499786,94037165,3225042276,304806782,277024032,108925802,107645385,585767501,63461143,99065146,635316720,283360684,69876392,62832431,93354555,4732173733,3066310974,1090641373,387614435,152113118,3615628399,295626055,2427209972,1903582759,196499771,14807311,977900888,68991795,787300198645047296,2994800682,1582220683,175901162,1572335857,1199621377,119337551,53638750,15982204,267542533,228662131,90078908,105829199,1331302118,745616877473275906,303036121,1863750126,3426467953,1583594232,2181769143,2751873764,44940172,764308775251521536,3876073340,2474911159,708316241102942208,3033874560,1926892158,86282544,46610863,2711712037,1462827506,3100773817,77198783,925078362,3031667206,777774072,2706032359,161327130,3061307797,859452704,702642855588663296,2246842249,1326527461,786526296436121600,96038955,400720799,84863232,370234990,1248659096,3186628429,58494741,4924576459,3031523547,98148497,437749202,920733390,3181535172,376667789,809338516823904256,102890665,15721090,1974810612,731710904031567872,162339507,271446959,1881786662,4154918478,231748973,253145219,170939623,967692247,232816019,256402505,319463207,76930558,130037642,4673443538,715573470034145280,4920387013,95411578,126421794,724872487771770880,1035989251,557749727,2156935472,780131496,387488608,131847523,737075095261188096,1389378229,2480018731,186125732,1243501165,582769131,1004251968,172633862,2738962363,96301196,240159914,709258447594725376,2465862210,301488928,2953635108,119044678,162444870,738899638594375680,2347785702,1973449213,2881378579,2381477892,729636779783917571,3250239018,582494043,113946504,2343754692,178573508,66297785,1438477916,796199161,984450056,801122563225055232,753867676175392769,504748198,249023475,818455078856077312,726851210787979264,354115101,123857374,196108701,1214939851,192767456,168122871,139164333,109519099,3983110578,246120775,376848464,2446998234,2468347933,113027922,1706876556,477375328,387115487,177549105,124443587,215284051,3005740748,1331175703,118974500,200935830,456227591,311566253,3401711,381391481,784241862789832705,615229450,773845316428828672,458359698,803251242,582661019,2243990906,443554101,35202072,1547723784,1025942498,1574699095,2589484308,3323015893,96549656,1920293444,764454329365344257,101468392,195746332,480180905,154152824,554006233,610635910,264320265,1245697345,111935124,280971333,141610735,1343914832,854858016,1185681416,816936671245516800,134451576,337556529,1923257508,2464784773,1607484811,268215436,120133218,1728252884,305337902,1878666397,343119045,113893439,2359432340,3109619280,3194931222,516979197,3171131006,223410747,2930343836,165255128,111464118,725843530095063041,156921608,2193607651,478147007,2909429360,336800041,111134927,2601900296,2953098450,159386338,86129051,2778265544,370956885,67044796,111868788,825722632125308928,97877512,511649384,730292148554194944,66601333,98891949,274454794,2173901083,3688487773,2311741759,2468615149,150635326,1103443658,2885344326,3045840854,120972387,764261509136420864,504670586,68185108,269632504,453046221,114224217,614065373,1121806164,820482874101014531,125644441,1196793104,1209260426,717387731505025024,2493043944,149946725,4027691,109937762,2961720919,121358914,2605597950,88400057,336470916,119491689,1420919810,1635080534,203576003,749488564975480833,3935308512,543416483,2986115947,534895619,1485011076,217753585,3053959400,215602305,121840316,280046719,428288293,2997349466,69651070,4738509493,179959129,1840846752,1381911260,3722466014,531428646,51000475,376819743,3758624954,400026244,158227376,1671505184,100491853,4608236540,982997587,1103496770,3558795492,528978054,260251167,20063068,93291481,788774233,3014443676,1264224049,1423260744,183768765,472979573,108198353,2191464510,125536842,239747335,3393310693,36990584,1550020328,145570655,1088016349,555731239,446089252,114606028,2420085036,104243106,92283339,820298958593372160,723894562553384960,98369037,4465169900,3208854919,2263635158,496792736,2841329610,1859171905,540045117,14054246,214392152,2254232792,238556216,103207685,42738380,2816318186,444795110,1948804807,799054495778902016,103412033,3096232249,279995344,3238392042,1687041560,3355354512,400186751,2318896046,146320096,1116748572,212237100,2352734053,2773016930,515530852,3118908378,2322986196,362401254,128215955,2744126239,2916078391,2332723700,92765772,444716886,2329724618,2658981814,2825698788,315102515,1337317784,116760271,6187612,1557214531,582786194,154504848,126579510,3315835183,125569629,112675622,438259292,154764097,99256908,142880137,897539881,355467508,3167639346,112364582,2840895871,282854774,3145962408,745596723192442883,1427652896,56425661,113559671,313220725,474043610,4779249638,174432016,1320883860,249996085,2301116940,152568882,1011315967,14731407,4625452574,2170395426,4882146885,711498075315933184,90819024,433195700,3316270302,3258164996,128508867,2237142252,1570828464,233806860,470056589,72840900,269583605,167959130,251533156,145993840,375989152,97778363,490361593,243933223,3059645574,51460145,1680042638,2662515085,477662077,232585467,58336347,160620697,164165832,137011868,810129963349262336,1140115897,124670174,2391166176,135024885,2303984232,763282227597750272,2300772428,123786839,71567394,1427842244,781398239702503424,314967662,2329870800,757476442192039936,2521901298,903709178,195409750,3605152476,495499887,3067325389,166039980,109146393,2304445310,334446911,4839511112,814823597130686465,353729563,119767288,1673146046,191868738,300735474,793692179470258176,1241285960,744705848652402692,133354204,260270202,2605699718,1204613360,106722331,1413237433,2842190244,2997332484,1655133482,135527624,723934291,990946584,28811940,976523503,106359350,779509437157429248,21074238,111880950,1331354773,3259579002,23048127,729503358914953216,812198676042915840,357439604,412268132,610466192,2680714453,138443914,783558192936595456,253938110,697005636467339264,152530102,68371366,4880807249,3249286836,120158285,110597690,732938444532391937,71688342,155211167,143395531,824279955785666560,759036149687984130,1476368089,135466702,152264746,406144362,3156133814,1903846218,1588912886,217230385,4762849514,9496792,786516823,1001410644,6386322,3141678404,105639187,734556473880129536,228271850,2985555884,1242531530,4408891992,2732830194,268195377,5135831,4213542313,1659367154,83792969,264920080,111036691,2367230214,120421703,1711375848,2176257618,3021901800,729977737306251264,2255249586,947345778,163851648,68956393,3326698596,2794008567,724607003029434368,785549586,113746111,4738384230,102944802,2456535746,1476340567,210839148,88103577,3119545434,260214785,300766678,2951289997,3286108771,1955351436,2231029604,281257371,1226785639,1152553026,287190207,2322305444,2679930006,1324490570,3045517662,713889304024522752,487385052,128559255,3070837501,423940329,60199663,705910929574096896
108145393,166053929,2258866224,362401254,328530559,181285682,149585330,14514082,89237626,3605152476,749565852886806528,1049645491,25043006,487389327,1651539458,14236392,2527587546,297947916,1369359684,1427449448,113697022,2423813221,3050035860,2443717656,241518702,412165402,552513982,767035326,35202072,3192572094,3284686302,582597645,504748198,63226619,5532582,722951982,112433242,77898979,166641592,212237100,2254646966,4711181012,123057317,362486249,3100206492,345654398,120094779,3124329918,3688495640,3274075003,2167589748,754011835720884224,3299338112,555883563,1948723693,278927574,107220190,592797308,2872792732,142605239,2185507464,731471061867364353,573273070,109146393,2752933818,1412666898,2263777033,96301196,4830205428,202176646,98031440,278123639,3043419806,1677728472,152272216,953284290,425057562,109937762,415375895,174980721,1384684081,402728806,803976831380508673,2181805320,743618924340645888,2876664235,740379549360230400,107042980,3043578366,122305557,2186295889,274533438,45116366,71258446,130822837,277946972,173658774,241946031,61615918,2384525437,364322393,3155792923,559580024,221302426,76891783,217998071,22369314,213236608,4648590036,3066310974,106693868,145570655,623498218,140957446,867423907,44940172,739369157066526723,350125392,109526374,106923358,110705458,133543001,140661586,2565480336,2591632422,15197042,1116748572,3187328923,2210034768,2832912835,1207985966,36914160,284950784,14283262,3668926099,307216116,1594749373,2299460798,163041111,276747244,768108571682705409,42738380,1563237025,3998911995,1680042638,1438477916,43093229,1013033460,195409750,223723022,4768642561,108925802,266198172,4686011611,99935747,47969995,105781620,12740302,939088549,17622782,148750065,529256619,776416227673518081,2338020751,148690832,716906391202439169,6257722,1524514772,158988391,806977792449671169,495015238,715840055982555137,2397470018,16806855,247614791,2773016930,744712467473784832,1368492708,704091794066132993,110354058,238144988,165147560,4686042043,243165144,416876537,154914770,544524702,57169686,572015384,2893641422,30011055,1171293552,4543695072,131847523,11637282,135527624,351942181,88385720,4702757546,546728886,3947332213,302928032,118974500,1030487389,112158861,1054640846,44628277,1610344716,19516793,4468236687,1331302118,69001921,230105403,486256467,636753909,55143079,155511166,4777183178,3983110578,1558233030,750957960021573632,311872255,114678461,3228930301,92004114,772725649077260288,551091308,14807311,1929587263,981531715,2407596964,3225462864,565141916,84279864,1582593170,837234816558866432,197270804,2153078023,121117243,3356416814,3187539487,2278316137,2219883769,137751380,18468872,1474430012,340859143,1588368044,907776512,1428929600,4104111,2418303258,586380468,1274913919,200829722,2518527691,3402271814,807880728339890176,1034540978,2811434557,304806782,1913156420,2615595660,287402332,176053446,3066266648,1665379862,320115927,2827206511,186647848,721648549365059584,1559595073,2489869620,287021085,5161091,1640571146,810118319701303296,4924576459,2191448756,34175088,142259228,386928380,2787896394,513734114,78560756,2286184658,196499771,378552499,331647240,504670586,2234860657,1329547237,3089307368,3558795492,2363841758,2450830255,2195101268,526116212,2509949550,3436679894,178685274,2229758856,617025273,2257223252,1510814017,181613766,116126827,163777461,7611042,1881786662,15804278,1403983866,211800955,532853902,2999619314,595525996,3182466757,112983529,355467508,1165846555,238556216,2554264172,154152824,2481737030,15888322,82584006,1248659096,90078908,454092313,49116473,520362613,2840853390,72462374,737559606788952069,2954885077,511311818,69014764,793676027641917444,2613370674,1250752274,614913101,113027922,3035716638,115101698,89982090,348512679,619973341,2750137763,69876392,3077147490,729265190336749569,3092684144,235865320,276525904,3139636165,26518327,467970267,296227951,1304664565,726851210787979264,2512659728,176387462,66601333,89944323,3269798672,1713274057,17041744,916553269,126869577,237941305,47588660,109914208,1192540081,88934299,1233247134,4296213266,136544724,735406623225610240,2904052513,472985752,747798407733874689,2381477892,1516719872,220942976,64361064,595139186,2150792004,2376009758,2455194678,3282303163,59111213,127850518,160397845,3068161046,176046207,1214934704,363711129,125171112,253938110,14071487,360623475,751641104,277024032,99065146,216633583,177177552,63461143,717012344,569162522,3005740748,4732173733,316017782,536124258,419515470,99256908,107645385,1090641373,42620364,93354555,2994800682,977900888,1060667774,295626055,2954867958,803090686346076160,370956885,1572335857,15982204,601884446,1185681416,2601951932,291143848,1199621377,1451665674,161327130,745616877473275906,106674307,179059903,726758020793782272,2860663375,303036121,1863750126,105829199,1582220683,1583594232,156266412,400720799,2181769143,3876073340,86282544,3426467953,702642855588663296,46610863,172633862,2711712037,77198783,300735474,156249975,925078362,247558355,3061307797,777774072,271446959,240159914,1326527461,2246842249,162339507,708316241102942208,920733390,786526296436121600,709258447594725376,967692247,1974810612,232816019,376667789,3053959400,2268910746,2765144659,76930558,62261018,4673443538,2675768354,148268248,557749727,1389378229,4501201,780131496,368996234,4065379514,3031667206,737075095261188096,98154805,1603825117,253145219,319463207,582769131,738899638594375680,119044678,136699263,113873165,2465862210,1196793104,1706330340,469976271,582494043,162444870,729636779783917571,246120775,1973686278,1321548012,196108701,4388891539,166953361,2263914536,374299687,3325221866,3272376428,28811940,82794697,1035989251,2386251739,66297785,1153399748,365420087,2199625903,336470916,2343754692,2437619491,1214939851,796199161,562773398,437749202,15721090,4713535933,139164333,1333844276,477375328,14204588,376848464,68991795,2468347933,584337995,177549105,2951167880,582661019,2243990906,2779687098,458359698,2180394756,443554101,4760803316,379130207,108868191,1926892158,3401711,3145868815,5715312,1170478675,1547723784,5631872,1245697345,2849781150,713012772045348864,311566253,69739038,1025942498,111464118,141969113,195746332,3411521,156921608,448485458,140320127,764454329365344257,3323015893,264320265,141610735,1343914832,106359350,337556529,3116344153,1923257508,3139872570,268215436,1878666397,2881378579,228662131,371563865,305337902,11503132,1607484811,4880994851,398645208,260270202,182285285,223410747,2311741759,3171131006,95336816,554006233,61769634,3100773817,40579647,240709714,60250728,1706876556,207464042,2953098450,3214602646,2909429360,18161116,1103443658,163862538,256402505,114593747,1450607336,347739325,1721569584,111868788,111134927,1610333215,98891949,107366362,1421226762,110138953,534895619,531428646,2601900296,524276382,719171031039016960,61083693,273292176,538057579,170939623,2368837812,2854175070,203576003,140433991,2541244212,361238907,820482874101014531,137962330,717387731505025024,1209260426,108845767,614065373,2352734053,2493043944,160151033,695644493274415104,453046221,84863232,64098572,3225807060,1420919810,109758782,97877512,2757640513,88400057,2605597950,3849400752,3100196436,86422019,595675020,400026244,543416483,3935308512,469914970,764261509136420864,3070837501,585767501,2252786923,96357612,1570828464,1319610176,4738509493,100389301,354036380,121840316,138375561,397671438,90819024,487354631,280046719,1615210238,1671505184,555731239,428288293,25306646,51000475,2885344326,812198676042915840,185602827,1840846752,815550828253618176,472979573,1381911260,88103577,158227376,528978054,2690314015,4608236540,827117699599736833,1337317784,825722632125308928,2514846540,634392187,179959129,696377474154803200,2512078681,20063068,93291481,560904083,2433490477,210793293,788774233,108198353,458410452,277983045,803251242,4805761782,751315786480758784,269583605,3524312660,124616624,430594344,75304702,4290745992,2191464510,1902071160,2172527923,114606028,161289781,89599240,2642522798,390814771,239747335,1550020328,3014443676,3238392042,820298958593372160,6187612,287112527,3259579002,3196269806,239492080,109519099,232585467,152259403,14054246,2483356273,92283339,2326634994,543034718,103207685,515530852,103412033,2816318186,1561529839,400186751,249156356,4891507945,1687041560,793384641637908481,1383223686,104243106,1628086310,1320883860,1476340567,799054495778902016,903709178,94037165,2322986196,3445180092,98369037,2931249776,2883546619,128215955,2589021998,232790891,799750525,2332723700,108228840,444716886,3688487773,2808820982,139101717,438259292,62744328,2658981814,126913884,1242531530,2744126239,125569629,47908556,97931629,4177561584,2427209972,1598390018,803990899814375424,3118908378,709903510381285377,2916078391,5660332,542469502,191868738,582786194,362409515,1489266498,142880137,154764097,2841329610,112675622,2949962964,3167639346,92765772,3355354512,83810350,91386211,199213418,576051950,1036891830,1476836766,1485011076,146320096,249023475,113559671,68993340,86129051,58405870,745596723192442883,120417286,167959130,2301116940,2736697459,2605699718,313220725,127152635,1427652896,711498075315933184,474043610,192767456,174432016,14731407,126579510,152568882,4779249638,2237142252,212941972,72840900,433195700,1590273103,179991082,104103380,3309086234,128508867,106415431,1001410644,1487057005,3059645574,706657438359945216,477662077,2662515085,3080956694,713737450317697024,731748145814605824,734556473880129536,528961416,164165832,159212067,1241285960,1427842244,56416155,95809187,728584994629672960,790016653190803456,495499887,2301058656,293407200,99666183,4882146885,338640640,281257371,2852813784,433516270,781398239702503424,243933223,124670174,3268018452,793692179470258176,1548029071,1413237433,779509437157429248,324204408,1103496770,1589957827,135466702,754509129364877314,52876801,395383913,230387191,138443914,2150223391,697005636467339264,2842190244,111880950,1331354773,150203938,279995344,729503358914953216,138782673,3225078481,110597690,84617104,143395531,783558192936595456,2680714453,357439604,68371366,545355018,214392152,10726912,2953558980,120158285,732938444532391937,2873270550,759036149687984130,71688342,2721744336,1673146046,23048127,763282227597750272,3141678404,2170395426,194523471,151214284,2151176886,85838124,490054809,443707029,4619724792,3008072456,238551083,3301413588,125950361,81128999,2199874278,102340528,927643128,1254107040,755380822266437632,3280197416,17772196,935118805,2310066301,2937110376,5810152,2370273984,2679930006,1640228828,224171470,3266869692,4721038777,3257172907,2561269560,114966360,1060608565,200468750,732188440901476352,1612545812,168471480,184151791,2349866162,819701467070099457,164289791,1714567393,1490574733,1374780614,1492769724,2956051663,2989083920,12649802,725843530095063041,362507353,104823519,2940556627,3067325389,176686492,406144362,716450801200136192,5707612,5573352,266777507,124466775,2456535746,97778363,387488608,747770700497223680,6386322,2854660555
166053929,107366362,2258866224,107930667,148401735,618595378,2750137763,109832030,4856011,328530559,25043006,149585330,307351224,14514082,829214012,487389327,1059896412,362401254,1962030606,1369359684,1427449448,3355354512,113697022,2423813221,241518702,412165402,767035326,953284290,3043578366,63226619,77898979,4711181012,154152824,362486249,1610333215,346593752,120094779,165979380,2391166176,123057317,3124329918,4104111,3688495640,582597645,11588072,3274075003,2167589748,278927574,448485458,291676091,592797308,3192572094,2268910746,2752933818,162444870,3155792923,2773016930,3149412728,99097944,1412666898,156266412,793809101960523777,4830205428,2263777033,109937762,119207660,278123639,126549012,3043419806,425057562,118974500,174980721,1384684081,121721069,260251167,59111213,47908556,104103380,415375895,196652891,803976831380508673,2876664235,267161682,122305557,2218745564,17765984,107042980,2186295889,740379549360230400,3061307797,45116366,277946972,3194931222,71258446,310291557,117132594,2384525437,61615918,52876801,2441984125,364322393,268215436,140661586,2974965596,221302426,730034216340103168,213236608,185482858,153339375,2383170865,559580024,217998071,2210034768,1319610176,110705458,76891783,15197042,140957446,740913022927962113,867423907,2322305444,350125392,540045117,4686042043,4648590036,1106545615,3187328923,98031440,472985752,14283262,1207985966,1438780542,2203001954,2299460798,3042152335,1439888328,163041111,2453267719,238144988,3947332213,3184448988,2415212833,162339507,2153078023,174902179,2541834019,118714827,766634919720161280,1013033460,768108571682705409,3998911995,4768642561,223723022,866157589,1563237025,106923358,105781620,17622782,529256619,228019907,2949135152,266198172,2371379826,776416227673518081,1951871065,2338020751,12740302,716906391202439169,2287899127,5631872,94289754,2949576841,704091794066132993,6257722,726851210787979264,806977792449671169,1524514772,516284889,715840055982555137,113873165,2588219065,2397470018,2427209972,4412470574,839756197,1343914832,744712467473784832,165147560,2567307780,416876537,5532582,96971110,636753909,243165144,983785309,480180905,14204588,57169686,311872255,44940172,2893641422,801122563225055232,154914770,205278010,374384040,2318896046,3935308512,619973341,30011055,3103411352,69472367,3097367412,2527587546,1171293552,1121837912,4468236687,1576321279,2213956190,4543695072,351942181,546728886,230105403,92004114,274533438,148268248,302928032,44628277,2578669447,329732278,4738509493,1030487389,84863232,735648629071826944,1610344716,2489869620,84240596,14807311,717646747,69001921,3139858573,55143079,72462374,2407596964,247614791,216633583,3228930301,551091308,7622742,2219883769,981531715,115849554,565141916,772725649077260288,1588368044,287021085,3187539487,586380468,176053446,287402332,87963363,3053959400,1274913919,4501201,354129225,939088549,200829722,177177552,1034540978,3704154980,251790739,2811434557,1913156420,1682299416,1640571146,186647848,2615595660,304806782,112191645,903709178,2450830255,4713535933,3282303163,1582220683,4332995414,1076426167,113027922,721648549365059584,4388891539,513734114,78560756,183079588,112983529,5161091,284035120,386928380,2787896394,176634709,762653665433833474,2229758856,2286184658,370956885,1913328182,331647240,2234860657,2452893169,1333310348,2195101268,1474430012,327967013,34175088,378552499,1329547237,121117243,1697866903,247558355,2895162613,116126827,178685274,2363841758,3114993289,526116212,483820417,2509949550,459021449,181613766,129249559,1403983866,235865320,18161116,15888322,2759083950,595525996,7611042,2954885077,454092313,4686011611,269907583,3193325083,82584006,179959129,803953970808901632,1223420443,96784888,69876392,511311818,3356416814,1054640846,1421226762,99935747,98900031,1250752274,408255485,6281032,2263635158,706464581879640064,69014764,1647738492,793676027641917444,729265190336749569,3139636165,115101698,89982090,3092684144,3035716638,3179252900,59654139,296227951,79169816,5524732,17041744,348512679,2158637173,1165846555,126869577,1304664565,1318631102,127850518,467970267,916553269,4767353802,3240026966,237941305,1233247134,176387462,68991795,3066715584,1516719872,157163299,95411578,406144362,2843502012,753066673968590848,343164845,99065146,595139186,2904052513,88934299,107880424,562773398,2440730294,487370364,754011835720884224,377443117,617025273,4732173733,374299687,712825972341407744,69739038,3269798672,433516270,284575303,136544724,64361064,47588660,4888081354,1090641373,1713274057,61769634,116399040,711498075315933184,722471991697997824,3068161046,216776517,2529431720,277024032,125171112,2381477892,64098572,303036121,759771283504570368,14071487,360623475,1248659096,160397845,86263086,3876073340,63461143,2994800682,967692247,2475684354,387488608,1331302118,86282544,977900888,793692179470258176,748436604272795650,161327130,731116837925052416,108961569,1583594232,1242531530,295626055,93354555,243554498,710788296402542596,329064197,765414140,4556832800,803090686346076160,129999273,119801759,167728298,400720799,336470916,4911411764,107645385,4641336734,135668109,837234816558866432,2991504023,2881378579,1572335857,1953124550,15982204,786526296436121600,745616877473275906,1199621377,485238371,920733390,1863750126,2455167175,271446959,133354204,76930558,738271002811994112,2181769143,737559606788952069,540041852,1423260744,481665043,105829199,702642855588663296,145570655,105639187,77198783,709258447594725376,146482503,2937115692,2711712037,1028603990,46610863,925078362,1510814017,543416483,3426467953,3103961424,2512659728,777774072,768406053067247616,1326527461,1974810612,316017782,557749727,3031667206,2954176903,232816019,522290936,2246842249,66601333,131847523,376667789,1462827506,738899638594375680,708316241102942208,4673443538,740625398,769689637614854145,119044678,2594552720,2909126971,280046719,1881786662,1813277905,1389378229,780131496,910307893,2721482023,737075095261188096,1860453498,2465862210,96301196,172633862,779509437157429248,1196793104,184151791,582769131,582494043,2403902210,3064918734,59161851,89944323,319463207,154496537,1152467347,5135831,246120775,729636779783917571,66297785,18115386,437749202,196108701,947345778,949992614,15721090,177549105,2343754692,2232480931,139164333,1214939851,477375328,3119545434,796199161,264627362,3983110578,118291223,2468347933,376848464,15804278,458359698,231270578,300735474,2270993311,1547723784,185154117,2243990906,1245697345,1035989251,582661019,106415431,2778597745,758551704849620993,35202072,2889514765,443554101,156921608,1025942498,707636043562901504,111464118,143021379,1706876556,2896024994,253145219,3401711,408175178,126421794,195746332,311566253,132144376,764454329365344257,264320265,142259228,1923257508,2356542222,3323015893,1878666397,80860699,1387087566,141610735,695644493274415104,337556529,1523285856,223410747,305337902,1607484811,81128999,108198353,3171131006,33466363,284950784,2936111448,1721569584,113762035,1103443658,2243562049,2187858360,163862538,121388408,2909429360,131787417,4849312694,763135216357548032,95336816,98891949,111868788,3005740748,737589116,385799697,934350930,764261509136420864,1714567393,2953098450,6386322,2311741759,111134927,2920702382,2352734053,170939623,534895619,65992806,712223770870550528,554006233,1027920860,1356414966,504670586,779932607618232320,203576003,371563865,717387731505025024,820482874101014531,1333844276,1420919810,1209260426,2402339690,2601900296,614065373,51000475,2493043944,97877512,88400057,400026244,2605597950,269583605,73595806,1427652896,179561709,472979573,254515182,249023475,585767501,234755004,121840316,146691028,1671505184,825722632125308928,156249975,2415891480,428288293,179374042,167959130,115051003,3536302400,3724739232,555731239,1264224049,1840846752,3445180092,1330462033,528978054,2862501254,1381911260,1329014562,2457870236,158227376,3259579002,6187612,3558795492,126579510,2214284466,112826585,178573508,1576351766,2809895695,2299778904,1368492708,220649890,68988038,3107367884,20063068,788774233,1550020328,28770889,3238392042,173726630,166641592,345596407,1349543347,93291481,815897614478495745,419515470,4608236540,2191464510,727482654426198016,114606028,719668881367937024,239747335,58405870,507450159,799054495778902016,2591882168,2885344326,820298958593372160,3014443676,582783817,5707612,515530852,134752598,610466192,400186751,103412033,3148812385,1687041560,110856455,101332395,770412877379350528,1116748572,319489095,2816318186,14054246,103207685,104243106,232585467,4296213266,92765772,4797670454,92283339,3328723975,109146393,569561320,2322986196,280092340,2332723700,444716886,128215955,1144654094,5660332,732188440901476352,1654785991,799627570446667777,734556473880129536,3286154971,932294724,3688487773,1724975522,438259292,2658981814,125569629,60119489,150926154,313837976,2272797019,3304226066,450577915,1405231680,2161193978,68312128,2744126239,128440171,98369037,2918770074,116583207,582786194,3304139304,2885498496,737836645899075584,3502032494,124782164,3118908378,802966965778137089,2916078391,16069066,355467508,3007915002,179059903,3167639346,544524702,1570828464,142880137,113559671,256402505,154764097,1320883860,745596723192442883,3309086234,2903709013,282854774,3013381208,706657438359945216,17445709,13480112,99256908,2429820356,11503132,42738380,112675622,3278025596,106359350,1651539458,2221621057,313220725,1476340567,474043610,1875809329,200565066,238556216,3085731570,271911626,45873670,527459582,174432016,14731407,702670581812998144,2705492695,2301116940,138462788,143395531,152568882,72840900,2237142252,1001410644,744181377327763456,2997332484,433195700,4779249638,787047858742505472,756083790787719168,146320096,3059645574,1374780614,2359432340,4923818598,1241285960,128508867,477662077,2744650153,753083036728717312,2662515085,1680042638,164165832,228662131,495499887,4882146885,1427842244,195409750,123876152,243933223,781398239702503424,75304702,281257371,4897841990,1413237433,1548029071,763282227597750272,124670174,138443914,232858720,89186240,135527624,1615210238,697005636467339264,135466702,111880950,2778265544,325406995,240698532,4711537100,1331354773,285054492,3187970742,20775213,279995344,1485011076,168617832,110597690,14684051,136854433,1518429902,223286416,106695105,293407200,2842190244,783558192936595456,68371366,120158285,2680714453,2949792151,293659130,9496792,1344776983,1903582759,2675768354,357439604,732938444532391937,3141678404,138375561,11828922,140021552,54289167,566895854,759036149687984130,71688342,2604611660,229780603,1704834752,2771377226,215626926,2539035872,2715665521,2809608306,2196533113,770098698634268673,487385052,805396656552218624,3221749356,1927123123,22360236,545119130,3183996776,1549650422,379683447,101987838,134776591,27829621,76962633,214793399,219857976,982997587,1903846218,20909451,1221853364,119375961,1910610115,158584247,2215425332,802796128978599937,162287986,2613666498,379609658,271916962,2901049411,263044301,149944413,130486983,819775015,1633134696,1153425648,2218085150,3270641082,71726403,574351772,549195296
166053929,328530559,2853864914,2258866224,240709714,25043006,2240438990,2402830520,40579647,3947332213,108198353,762822638817251329,2402675282,3286002368,832925275096637442,49116473,149585330,14514082,636500782,3189365473,769415822024462336,487389327,155211167,1369359684,1427449448,113697022,2423813221,2376058586,740091801827053569,241518702,412165402,767035326,355467508,63226619,152460363,592797308,77898979,179374042,3114011281,3045517662,260270202,4711181012,3124329918,4924576459,148268248,123057317,120094779,532853902,362486249,209054867,161523833,3688495640,278927574,3274075003,305337902,2167589748,183194476,582597645,4830205428,773723146448957440,142605239,1248659096,817566381134618624,41997628,2752933818,2288868284,1412666898,2263777033,528978054,61615918,324095709,278123639,3192572094,110138953,953284290,174980721,138782673,118607328,3043419806,1384684081,425057562,415375895,740379549360230400,2186295889,803976831380508673,122305557,2876664235,107042980,277946972,1171293552,45116366,617025273,4222761972,559580024,3043578366,71258446,2384525437,140661586,215626926,364322393,221302426,110705458,2332146613,3187328923,217998071,213236608,2210034768,3208854919,76891783,380874225,126869577,14283262,15197042,140957446,173852199,350125392,2735225215,17622782,867423907,4883012718,106923358,98031440,4648590036,87094927,55143079,742060280167825408,1451665674,147926716,163041111,4824023399,1141254258,1013033460,802595731,104823519,2468347933,1331809154,2527587546,112681712,604419012,4365458353,1207985966,2840853390,2928258564,4768642561,2299460798,768108571682705409,3998911995,223723022,287025479,716897829143203840,1563237025,551091308,4154947272,105781620,704091794066132993,5573352,716906391202439169,375989152,529256619,62261018,9801092,2397470018,2600375870,1438477916,266198172,2338020751,1572561522,1948804807,89914545,1524514772,776416227673518081,263058668,1000772838,175521153,6257722,806977792449671169,4188445399,726851210787979264,113901544,416876537,715840055982555137,216633583,165147560,4468236687,1180547846,854858016,744712467473784832,311872255,243165144,57169686,901518032,636753909,1344776983,4686042043,92004114,3217461834,2893641422,2347689498,378552499,4882146885,4821154994,4543695072,154914770,86282544,30011055,12740302,351942181,500354047,546728886,230105403,274533438,302928032,3282680053,44628277,194570881,17445709,212831990,630993052,1030487389,2778689418,1610344716,2407596964,2489869620,1155373262,3244666999,287402332,69001921,4104111,1011469776,247614791,2214284466,108868191,50690090,373383877,126248975,156266412,111868788,22360236,136854433,14807311,2153078023,3187539487,113946504,2514846540,2601047239,3228930301,304806782,3503341346,84863232,2219883769,233806860,121388408,586380468,149946725,981531715,20909451,565141916,17123286,3839521,287021085,98610311,157163299,772725649077260288,37937394,2233368990,383856076,130822837,939088549,1588368044,106359350,760073383476199424,176053446,15782989,3167608440,1640571146,1274913919,2337272023,2618921659,205278010,3019862611,485285175,128482615,2781046033,2464573315,112983529,200829722,487141355,2450830255,2811434557,1034540978,186647848,1913156420,1241685150,116126827,145993840,292142564,69876392,312103989,347685856,513734114,114136193,3282303163,371563865,1090641373,2615595660,3356416814,3155792923,109111349,255250343,522290936,2229758856,386928380,3109789260,78560756,2195101268,2234860657,721648549365059584,939185606,1329547237,801122563225055232,745335092,2787896394,5161091,2381477892,2286184658,331647240,2221621057,1196801888,479464752,235865320,15888322,2843502012,178685274,121117243,414731801,1474430012,2509949550,526116212,849258434,1403983866,373995697,2363841758,1211861108,3139636165,1250752274,181613766,99935747,3035716638,984450056,237941305,34175088,2403902210,774511364345696256,1582220683,2842190244,2954885077,454092313,116399040,719668881367937024,5437232,82584006,7611042,402615426,1516719872,3283209914,2158637173,494365754,511311818,109759976,112387416,619973341,562773398,100912201,803251242,17041744,115101698,2750137763,1721569584,729265190336749569,69014764,810129963349262336,1233247134,89982090,3092684144,992328512,150203938,793676027641917444,916553269,99065146,967692247,5707612,127850518,296227951,1304664565,421300019,2881378579,348512679,300783266,293407200,113027922,467970267,5810152,2889514765,176387462,3031667206,595139186,2904052513,4911411764,810904522285400064,117132594,136544724,3249344370,4732173733,2605699718,60270551,88934299,472985752,47588660,360623475,11637282,909911220,240159914,102890665,1165846555,3068161046,2529321883,64361064,277024032,767212487229841408,341385965,3170576534,303036121,3269798672,125171112,336470916,271446959,802796128978599937,3876073340,14071487,362401254,2994800682,771107963738001408,161327130,760129557059874817,1421226762,920733390,2647452648,177177552,1713274057,714522762849570816,269583605,63461143,160397845,90078908,977900888,156249975,1583594232,1319610176,108925802,400720799,1331302118,2165005034,803090686346076160,757094989,790944297910579200,3165942768,496640757,295626055,786526296436121600,93354555,15982204,1572335857,745616877473275906,107645385,109277332,1863750126,1199621377,507450159,76930558,837234816558866432,186125732,162339507,387115487,2181769143,103207685,2661526758,702642855588663296,89599240,4336860613,709258447594725376,910307893,102359784,77198783,44940172,866157589,2711712037,46610863,376667789,105829199,925078362,3061307797,2296008936,3426467953,1326527461,119044678,738899638594375680,777774072,557749727,3239031306,1974810612,224171470,751641104,780131496,135174190,178672671,131847523,232816019,1162779979,246066861,2465862210,354036380,2539568072,448485458,311566253,3225807060,1214939851,153339375,701144416677810177,2246842249,1065660787,4673443538,387488608,1389378229,2397609240,1196793104,319463207,1881786662,2953558980,84279864,2363514103,3040476331,1547723784,785549586,2783637200,737075095261188096,1021642374,246120775,11503132,437749202,453046221,715573470034145280,174902179,2888693330,729636779783917571,177549105,582494043,708316241102942208,96301196,172633862,582769131,66297785,100131345,162444870,4658851008,316017782,1390982906,196108701,3064918734,417973441,269907583,2843452964,15721090,458359698,139164333,2852008440,1245697345,379382447,769689637614854145,124616624,445958544,129501841,2343754692,2512659728,706124749831692288,216776517,477375328,1035989251,4713535933,2291460355,2243990906,79747984,345596407,1644777469,223410747,825722632125308928,66601333,376848464,3983110578,796199161,996339367,249023475,534895619,524276382,582661019,59111213,111464118,35202072,536124258,106249538,3283465940,83868996,1706876556,271911626,2601050875,2386251739,443554101,1683095282,3074839730,2311741759,156921608,1025942498,68956393,1343914832,745060777535516672,1540706023,337556529,2236065025,2829605666,195746332,528961416,154152824,1923257508,47561262,17058687,264320265,1036891830,204850340,2181403836,3401711,565292503,3260727974,32957380,990575058,459941386,268215436,1562215802,1668013274,1878666397,238144988,764454329365344257,1297332128,142259228,543416483,220260419,106415431,3323015893,113555348,734546785,935118805,385325864,2452893169,141610735,3171131006,1607484811,1103443658,555026658,163862538,2909429360,95336816,1548029071,723116791610777604,1330713522,854065868,135530118,2218745564,154496537,2953098450,125644441,98891949,739800457141358592,717012344,1474376978,2938496084,803817596550193152,607048619,2352734053,170939623,114606028,799437571273039874,51000475,83810350,472979573,111134927,203576003,504670586,554006233,717387731505025024,253145219,820482874101014531,61083693,614065373,625787887,802966965778137089,1209260426,2954176903,431216508,186144449,764261509136420864,96971110,2481737030,1420919810,767419549973045249,759708900966838272,2271747344,114146295,2268910746,97877512,89944323,2493043944,257727041,398653006,121840316,125666483,3005740748,2601900296,546049690,428288293,400026244,3053959400,88400057,3259579002,2605597950,2675768354,1671505184,1318631102,3935308512,2955541339,585767501,86129051,6187612,165255128,412268132,167959130,99518839,740913022927962113,1903582759,100081382,4738509493,2347785702,793692179470258176,280046719,594376110,467036619,349489505,737559606788952069,1550020328,3022689258,555731239,1840846752,98154805,54104257,3316270302,92765772,1381911260,3238392042,158227376,145343806,3558795492,3257197176,4608236540,334570258,788774233,1079618160,549195296,2842243422,20063068,93291481,433516270,2191464510,3656911932,239747335,713737450317697024,2885344326,179959129,1116748572,1913416410,144816119,232585467,1499874158,741035853149929472,3100206492,2191358840,2603422926,1572909170,1570828464,820298958593372160,135466702,801336858676436994,3031523547,739369157066526723,3185091116,109146393,98369037,400186751,515530852,2886459654,103412033,1687041560,104243106,2816318186,2322986196,545119130,3014443676,126579510,438259292,14054246,2773016930,168617832,43809995,211499786,174432016,92283339,36914160,801826590,96519178,799054495778902016,433195700,745596723192442883,247558355,2968709888,4782826418,2332723700,2169382441,444716886,763282227597750272,134776591,128215955,3688487773,710825790405881856,5660332,711498075315933184,109758782,2744126239,253938110,125569629,903709178,126913884,2658981814,113559671,582786194,2949640063,3167639346,256402505,3118908378,175901162,119531274,142880137,1329014562,3188636516,154764097,357439604,722965188194897922,1333844276,2916078391,137408171,100491853,313220725,2997349466,2949135152,4831913382,1427652896,163000984,99256908,275600307,112675622,3355354512,2936123790,474043610,153047140,14731407,276497380,2301116940,152568882,355600538,72840900,2237142252,268231129,179059903,3304226066,3309086234,1241285960,3059645574,243933223,60125030,195409750,3326698596,749942703828275200,150569759,3724739232,200328577,789352645563604992,477662077,4779249638,3014161212,238556216,2662515085,1320883860,775557614,128508867,164165832,1001410644,1680042638,3846622158,1651539458,2545824511,3196269806,495499887,3034388359,1476340567,1557214531,210404823,3141678404,5135831,1427842244,138443914,1413237433,781398239702503424,799750525,2203001954,697005636467339264,7622742,130486983,2197442978,150876450,896994926,779509437157429248,112191645,101667215,3100773817,725339844457598976,146320096,135527624,3166198783,281257371,124670174,134062173,1264224049,595197660,159212067,111880950,1331354773,143395531,2427209972,2680714453,68371366,2498932416,78941164,279995344,1640716315,1951871065,326060404,212237100,873621247,1476368089,789030318569205760,1368492708,734556473880129536,700005120,3194931222,251533156,1711375848,172028151,2969056416,106295294,226517687,2493888254,741257818414534657,4736964470,51460145,255000007,2933878796,120158285,241909854,2998916083,112364582,129824349,4296213266,783558192936595456,707636043562901504,174831676,550742704,2995177836,3033693128,110597690,249156356,209756637,275605379,2951289997,4880807249,3021901800
166053929,328530559,160151033,2258866224,25043006,310101735,1337317784,487389327,149585330,14514082,198577086,1369359684,1427449448,2738687335,113697022,2423813221,241518702,102890665,2953098450,3274075003,592797308,57841747,3998911995,3019862611,412165402,1962030606,142259228,2942539999,767035326,4711181012,362486249,2170395426,309485269,63226619,77898979,120094779,3124329918,582597645,123057317,3688495640,701508926471168000,278927574,2575065626,368996234,121388408,1640716315,2167589748,164670171,548376650,4830205428,321897940,1412666898,2752933818,2263777033,500354047,4608429140,306785897,278123639,295531868,3040476331,61615918,803976831380508673,174980721,2957234684,1384684081,953284290,740379549360230400,425057562,78660259,2186295889,3043419806,2791478955,559580024,415375895,255342023,3192572094,122305557,362401254,277946972,1687041560,604236582,2876664235,107042980,75723508,114146295,221302426,615229450,45116366,2384525437,110705458,246120775,383856076,4547102324,3043578366,71258446,213236608,282854774,364322393,14283262,4886477779,565292503,140661586,217998071,800185467538788352,2923805876,141972571,2210034768,3187328923,753083036728717312,2476262700,3301413588,2527587546,370956885,17622782,3234855203,76891783,15197042,1635080534,140957446,350125392,901920505,793384641637908481,106923358,4924576459,4768642561,39266575,867423907,98031440,124387481,1658874913,4834033657,311872255,1207985966,2338020751,100378724,4648590036,1013033460,163041111,704091794066132993,220649890,105781620,2299460798,1563237025,768108571682705409,223723022,529256619,4104111,1248659096,119165867,335270348,205278010,216633583,716906391202439169,2397470018,118974500,3012583009,1116748572,140433991,183079588,1524514772,100389301,266198172,57169686,776416227673518081,6257722,416876537,806977792449671169,165147560,715840055982555137,2429232756,4468236687,154152824,200823909,178739064,551091308,723934291,744712467473784832,1140115897,243165144,1171293552,1718002796,20775213,491292208,3157147598,182286546,636753909,4686042043,247633390,2893641422,3599554873,496616027,293407200,4027691,92004114,3170576534,17445709,763363108278575104,78560756,3266869692,304806782,59417367,4543695072,749593075194834946,3245835464,3391938073,177549105,142605239,30011055,12740302,2376778740,61083693,2607362299,55143079,803251242,154914770,3402271814,1388296566,77511733,351942181,230105403,111305124,247614791,546728886,2951608693,3947332213,113027922,228662131,2407596964,134665689,2216911134,481665043,274533438,287021085,968164050,758756132,59111213,287402332,719668881367937024,44628277,302928032,1610344716,2915838656,1030487389,181613766,223410747,69001921,2489869620,2153078023,2456535746,625533687,116126827,85217653,2259668976,2219883769,3187539487,2195101268,3189365473,2954176903,1214939851,2280799338,2450830255,713274054367514629,176053446,586380468,1975990291,312523703,3228930301,200468750,1588368044,112983529,981531715,565141916,196499771,3282303163,718035774982070277,3876073340,1063561645,939088549,2721482023,2679930006,69876392,145993840,726851210787979264,2381477892,14807311,1274913919,226517687,200829722,2367230214,2577625981,378552499,1163029970,1640571146,2547004576,4121184132,186647848,2565480336,84617104,2811434557,2332146613,2417112420,495499887,1034540978,1913156420,237941305,513734114,62103993,240698532,2478407377,3356416814,722243174542868480,2278316137,2234860657,4713535933,2615595660,772725649077260288,99935747,433195700,109937762,3139636165,1141254258,733479701390315521,109758782,967692247,178685274,1329547237,386928380,371563865,2960951028,2229758856,2787896394,721648549365059584,5161091,3155792923,587937019,992328512,47588660,703256340370599940,235865320,1622487462,2303984232,1165846555,94289754,601884446,1250752274,15888322,2286184658,331647240,1403983866,20574396,3012231571,715459125874810880,2675768354,2154806676,16412925,1516719872,2509949550,121117243,2261162881,115101698,3035716638,526116212,100157211,293659130,735375182886535168,122687321,619973341,1474430012,116152989,87963363,4516724954,396189088,5704532,2954885077,531428646,148608218,110748603,1561123183,443707029,2665338542,3107367884,73108783,34175088,3281389392,854065868,2363841758,481817375,136544724,3092684144,454092313,280046719,82584006,1306679845,2750137763,4612518380,247558355,2914830498,88934299,916553269,802799176727687168,1662665132,17041744,2265895489,7611042,729265190336749569,269583605,1628086310,105975160,511311818,2885344326,296227951,1233247134,69014764,1421226762,4839960859,93291481,224292360,99065146,89982090,1559952566,127850518,2773016930,2881378579,793676027641917444,1304664565,332549338,360623475,194560908,595139186,2645544750,67307203,348512679,2904052513,515387301,472985752,1530835099,170939623,156921608,271911626,2605699718,715836027865329664,467970267,4732173733,255578954,176387462,106415431,920733390,161327130,4844688865,446997010,759036149687984130,3068161046,277024032,4090587074,303036121,64361064,385325864,433790781,135530118,4753538048,2589539666,2994800682,749488564975480833,3031667206,907776512,1306110548,708316241102942208,125171112,163777461,260270202,336470916,741930165907787776,177177552,438356194,14071487,143395531,86282544,977900888,3269798672,1330713522,1331302118,557749727,803090686346076160,545119130,1583594232,387488608,63461143,271446959,376667789,1021642374,1280882599,786526296436121600,146600674,400720799,1713274057,295626055,1090641373,160397845,1863750126,1251554004,93354555,148268248,162339507,3031898333,3185004432,582494043,156249975,2161898418,709258447594725376,749261411495219200,745616877473275906,381391481,582769131,15982204,560344137,3839521,1927123123,21074238,2376555253,1974810612,2986618076,1572335857,76930558,84772409,249023475,66297785,617025273,232816019,17123286,119044678,147926716,1405231680,1199621377,1582220683,2953274317,128947409,702642855588663296,112364582,2843502012,3152205769,2181769143,421852390,3325221866,77198783,240709714,802796128978599937,107645385,44940172,2386251739,755787719821758464,2793747044,2711712037,2911017139,46610863,66248781,4892745408,3119545434,152621351,108768768,508982156,105829199,410407109,837234816558866432,925078362,4821154994,111464118,2268910746,3061307797,295311678,4120233199,152680499,124272919,1041877309,1326527461,738899638594375680,534895619,3426467953,2588219065,777774072,1860651187,2511579210,487235862,780131496,131847523,258617654,1389378229,2465862210,1245697345,1547723784,1699232659,4673443538,4296213266,437749202,1196793104,2246842249,284950784,3115149804,96301196,737075095261188096,319463207,1881786662,2937115692,729636779783917571,1706876556,543465525,2172617528,172633862,2311741759,458359698,15721090,192846775,448485458,162444870,84863232,543416483,196108701,341385965,562085245,62261018,2705492695,18115386,896994926,56597658,139164333,311566253,185602827,110649460,550742704,477375328,2243990906,316017782,268215436,2343754692,102046372,2468347933,1343914832,246909073,511292542,796199161,87198273,1588025569,2781248400,337556529,376848464,3983110578,3659975486,582661019,298596544,35202072,3315835183,443554101,1878666397,1035989251,1025942498,195746332,1923257508,1234332499,53328718,2272521673,264320265,780183493456166912,764454329365344257,2352734053,103303519,59161851,793692179470258176,343164845,3401711,1112245826,93857594,554006233,66601333,3323015893,163862538,141610735,305337902,112191645,1103443658,95336816,25963686,764261509136420864,134776591,825722632125308928,3171556490,167240403,3171131006,2193607651,51000475,522290936,1680042638,3259579002,4466457072,1607484811,720180643817082881,1721569584,2909429360,220260419,111868788,759918301480755200,759422541093974016,98891949,114606028,3605152476,1185681416,17148691,793761787006943232,3279318216,990893935,428288293,4154918478,504670586,203576003,2317151762,111134927,3316270302,717387731505025024,2305946341,167959130,760073383476199424,487391463,2605597950,2512659728,1671505184,704930243325329408,820482874101014531,11588872,1209260426,287084597,4738509493,535216881,472979573,487233268,555731239,479367164,279995344,2751873764,59808531,268733631,3022689258,1420919810,528978054,2180158388,3202104650,4920852000,121840316,232585467,3053959400,1610333215,731103687997673473,4793623382,1548029071,97877512,4396859658,2493043944,748512274558517248,175901162,110138953,615266918,3176137200,614065373,167312754,3249286836,400026244,707636043562901504,68331875,1440619700,2601900296,30221731,1613064720,88400057,6187612,253145219,104103380,62709676,1960742172,98369037,3282680053,260103302,3935308512,15804278,585767501,780373226455076865,700005120,1550020328,92765772,529566623,1664121583,119491689,1840846752,3238392042,126579510,280519165,3182466757,1381911260,2193852151,782497272374317056,96971110,515530852,158227376,732938444532391937,3558795492,150876450,3002863417,788774233,20063068,2593143055,53638750,4608236540,104243106,2191464510,108198353,239747335,763282227597750272,179959129,4802321586,12127122,1214934704,4839186290,711498075315933184,438259292,820298958593372160,400186751,2429820356,632433,486272364,3493408212,206262618,1673122076,1733362838,2211586615,248257032,89558665,745596723192442883,103412033,74985376,187195249,490054809,2475684354,109146393,595525996,3177443856,135466702,373179388,2322986196,89944323,1570828464,4813420153,92283339,706657438359945216,125569629,243933223,2886459654,2816318186,2795436109,301488928,103207685,608520018,2263635158,2332723700,120417286,1358657352,444716886,14054246,2601047239,750407351434260480,379382447,5660332,3014443676,141969113,1001410644,1312499438,3688487773,191914761,2744126239,16437836,437515024,4849172103,2880648721,128215955,2995177836,2658981814,90819024,2882975708,129824349,3018372270,903709178,3005740748,76037704,2427209972,355467508,124613689,2403902210,113559671,4880807249,3167639346,311403483,2285002381,256402505,582786194,799054495778902016,142880137,117636146,14365306,740913022927962113,276497380,1451665674,4923818598,313220725,3118908378,1427652896,154764097,106359350,697005636467339264,80592630,800611986,174432016,18468872,14731407,99256908,801122563225055232,3067325389,474043610,152568882,2916078391,1217604392,112675622,72840900,177888275,244113072,97778363,220942976,3355354512,195409750,2237142252,1241285960,4885527589,181840920,2464573315,2301116940,3309086234,3059645574,2862806580,477662077,4779249638,4882146885,1453341853,408175178,99518839,257727041,731830892696506369,168607318,2662515085,2850408085,20909451,759708900966838272,164165832,130486983,128508867,802515252877197312,268231129,135527624,562773398,3141678404,173380909,69472367,138443914,4640023230,396617055,398653006,110597690,2475304848,1413237433,1427842244,5135831,4736964470,779509437157429248,107220190,341714093,424954436,488170007,215270961,781398239702503424,986764788,1438477916,2529321883,238556216,1651539458,111880950,821278981,3246147380,1476340567,3010374446,2257161986,3217461834,246161974,66309607,260214785,2947862881,2280673579,106693868
166053929,328530559,18468872,2258866224,1019687138,3064918734,4838003653,25043006,1028603990,487389327,150569759,1333844276,2386251739,867423907,14514082,149585330,3146910887,1369359684,2675768354,4779249638,481824635,1427449448,2750137763,113697022,4104111,3097367412,18115386,4924576459,2423813221,592797308,109146393,472896116,241518702,630993052,4711181012,522652619,412165402,3277368865,347739325,106359350,3250239018,767035326,582597645,63226619,77898979,233135542,383707910,759036149687984130,4547102324,142880137,362486249,191914761,120094779,123057317,562773398,3124329918,3688495640,278927574,154152824,3274075003,1318631102,543416483,2167589748,79169816,129501841,4830205428,1412666898,2752933818,260251167,258617654,284950784,734546785,59111213,1394475098,2829565116,387115487,2263777033,568326854,174980721,278123639,161326433,1384684081,803976831380508673,2376555253,61615918,4673443538,86129051,3030295600,415375895,14489679,559580024,3116344153,707636043562901504,411244259,99518839,516595727,166641592,953284290,1583594232,1570828464,17622782,2257161986,2527587546,425057562,95821914,2186295889,3043419806,362401254,740379549360230400,122305557,1577084942,277946972,1626777120,2876664235,107042980,490054809,472979573,816629152635719680,23207847,221302426,45116366,14283262,2384525437,364322393,213236608,115029977,110705458,335270348,3445180092,71258446,121388408,740578640,117132594,96455430,467970267,3043578366,148268248,636753909,140661586,3192572094,2210034768,217998071,2873342136,1862840096,2338020751,3187328923,89914545,76891783,140957446,100389301,15197042,350125392,106923358,4768642561,529256619,98031440,2268910746,1207985966,225042078,2658981814,3306880255,704091794066132993,1013033460,325665913,55143079,163041111,105781620,66601333,1524514772,1451665674,96357612,4648590036,2299460798,1563237025,3210093498,768108571682705409,30221731,854858016,3758624954,5649552,2397470018,223723022,2988673788,1233247134,311872255,978455046,4325708541,2748603620,3919372272,2378924149,1582220683,124616624,3998911995,716906391202439169,4468236687,57169686,1916111221,614321894,216633583,266198172,165147560,553466099,140421820,776416227673518081,144368192,488170007,2564012484,6257722,1421226762,416876537,92004114,5631872,806977792449671169,715840055982555137,478147007,744712467473784832,2897580055,305337902,287021085,1171293552,1182118044,2645227302,243165144,2231029604,4892745408,2893641422,4686042043,1427652896,12740302,4543695072,1041293886,304806782,109937762,30011055,10537182,731704095581470720,154914770,230105403,351942181,3947332213,4078875493,700005120,3912308113,546728886,3007915002,181613766,3066310974,2407596964,274533438,287402332,103482322,164670171,1610344716,44628277,802966965778137089,179374042,302928032,2455167175,3846027914,255623996,1030487389,3876073340,573757199,176693696,586380468,69001921,2153078023,784867865589456896,903709178,116126827,511292542,2954176903,2489869620,2219883769,176053446,306156260,939088549,3282303163,113027922,740564585199992832,4888081354,153339375,103412033,500354047,2195101268,2429820356,247614791,96784888,264320265,801122563225055232,20574396,397671438,112983529,3228930301,3187539487,101987838,100912201,2450830255,828337118,798504192574832641,1588368044,69876392,551091308,981531715,565141916,2381477892,311580251,534895619,143404547,113175398,433516270,1274913919,2234860657,99065146,200829722,4805761782,354129225,1640571146,3181535172,186647848,1199621377,2811434557,1034540978,3671517134,146482503,1913156420,2556013612,378552499,1680251952,2858688673,237941305,739381929686892544,244113072,1178699515,513734114,99935747,16979586,301488928,2615595660,3072938052,1319197974,488200496,3139636165,3006655818,2613370674,178685274,967692247,2390263165,451439308,92765772,3299730504,3189365473,1693339100,386928380,3014161212,3111965420,380286113,1329547237,78560756,718064547291004930,115101698,113282137,151354701,198173881,2787896394,1403983866,907776512,1250752274,84279864,2254646966,5161091,451799137,2953052220,247558355,1090641373,1516719872,235865320,15888322,721648549365059584,196499771,331647240,2286184658,114146295,2737503674,772725649077260288,2509949550,1928579635,1319610176,2680941756,2229758856,3155792923,1001410644,121117243,276979791,2935665840,136544724,16437836,2662515085,526116212,748669863535620096,4556832800,794331495359922176,230387191,14807311,89599240,3142930746,619973341,2218745564,454092313,2954885077,1474430012,2211586615,935118805,47588660,3035716638,98369037,3041678240,1165846555,2363841758,93857594,4784203471,729265190336749569,3092684144,708819818443464704,82584006,296227951,916553269,272493866,831788292614062083,88934299,371563865,17041744,3356416814,444716886,7611042,2816721649,2391414840,84863232,4210286480,269583605,511311818,176686492,348512679,69014764,138462788,89982090,740848638944006144,3249344370,403210652,485235199,5573352,159212067,472985752,6187612,34175088,1248659096,127850518,360623475,1304664565,595139186,2451643429,793676027641917444,2904052513,253938110,4732173733,277024032,86282544,3068161046,240709714,2994800682,1330713522,4412470574,920733390,463362655,303036121,176387462,68956393,9496792,161327130,64361064,249023475,125171112,715134644971110400,14071487,177177552,60250728,1863750126,977900888,179991082,1975990291,1331302118,184085313,2881378579,107645385,1668013274,708316241102942208,400720799,176081290,295626055,2721744336,557749727,803090686346076160,3031667206,3269798672,4212353053,380874225,157163299,63461143,271446959,2278316137,1368839670,525392365,1261366976,582494043,1547723784,3679171938,709258447594725376,376667789,143668234,122968649,232816019,610367732,3120933871,1245697345,142259228,336470916,93354555,76930558,223071184,786526296436121600,160397845,406144362,1713274057,745616877473275906,162339507,1974810612,15982204,1572335857,220942976,119044678,66297785,528978054,106415431,2936111448,702642855588663296,2536397517,77198783,111464118,2181769143,43809995,3724739232,44940172,2711712037,240159914,2859829976,46610863,4709526241,925078362,595525996,4713535933,3061307797,522206677,1337317784,105829199,753083036728717312,183768765,131682449,1326527461,172952484,738899638594375680,617025273,1214939851,631067021,780131496,1389378229,536124258,1196793104,777774072,837234816558866432,131847523,2465862210,3053959400,792319978418483201,2781665238,103045051,109111349,3426467953,316017782,246120775,177549105,96301196,740913022927962113,2326634994,437749202,228019907,737075095261188096,126421794,2427209972,4611221059,3108518246,2246842249,414731801,374990637,66248781,2512659728,729636779783917571,319463207,560421099,1881786662,1706876556,14204588,3401711,172633862,458359698,1461983466,162444870,582661019,2773016930,2605699718,769167195108548608,196108701,145993840,108499170,270802850,793692179470258176,760073383476199424,343524443,1559952566,294639882,1035989251,582769131,3810477853,788538431613710336,96295896,260103302,126869577,15721090,2311741759,3266869692,156249975,139164333,2412513164,4296213266,329064197,1071169916,200779552,453046221,120417286,2567307780,268215436,241909854,477375328,112364582,2885344326,1476368089,2243990906,1343914832,311566253,2464573315,39266575,116073197,443554101,223410747,2343754692,1644777469,129824349,337556529,2468347933,516979197,2604224318,825722632125308928,757793294,376848464,2991094890,343988604,1878666397,55112346,3983110578,554006233,432145272,35202072,138292326,796199161,105022503,126800837,1923257508,487233268,220649890,1025942498,195746332,51000475,156921608,1962030606,84240596,358769277,764454329365344257,504670586,565292503,1103443658,2352734053,1116748572,170939623,3323015893,141610735,719442666941915136,113762035,561197036,2843502012,118391447,3171131006,111868788,735826892314419200,764261509136420864,163862538,487393832,710471354378788864,95336816,1672184269,1607484811,866157589,103207685,545119130,357439604,2909429360,1721569584,726851210787979264,3493408212,2317151762,98891949,3259579002,628372145,250016546,714522762849570816,2479331617,2904124170,2953098450,1368492708,167959130,114606028,2605597950,758756132,717387731505025024,97877512,1953124550,4024611,79698143,203576003,3316270302,428288293,4513777640,3246598687,128472697,173380909,4608236540,241946031,803251242,706607996848111617,1103496770,202083315,3371408114,111134927,1671505184,820482874101014531,1209260426,113250265,2199625903,102313740,1054640846,4738509493,555731239,96852904,1315708904,1138476499,1420919810,601453185,3839521,777627996,718685998717095937,3034388359,5707612,121840316,2493043944,400026244,3176253481,145343806,442004205,624760913,3262785463,59808531,614065373,232585467,158227376,1550020328,88385720,119531274,487386640,2997349466,88400057,243933223,625678995,2601900296,1733362838,585767501,3238392042,3935308512,1548029071,140761421,273336606,280046719,4686011611,3022689258,1840846752,2246849227,253145219,806067432578129920,175521153,198878894,319643817,515530852,142286578,1381911260,215626926,1973723688,1549429146,81128999,88103577,224486803,310291557,93291481,788774233,3558795492,156101150,104243106,20063068,2191464510,108198353,239747335,126579510,711498075315933184,803637720425775104,215270961,368996234,247387324,745596723192442883,749942703828275200,222985456,4047145700,516344053,49009062,2524846250,400186751,820298958593372160,69472367,1687041560,438259292,2322986196,179959129,101667215,125569629,135466702,2816318186,763282227597750272,90522012,2332723700,5660332,92283339,3688487773,167931263,125644441,584337995,3466819214,128215955,2744126239,152460363,12286282,14054246,3014443676,355467508,722951982,256402505,62488150,2172527923,113559671,3071515603,3167639346,582786194,2953054279,1733872003,310348051,2301116940,4839511112,2589539666,17445709,313220725,697005636467339264,93268087,128796794,303184033,99666183,4880807249,154764097,174432016,3118908378,764390061123080194,4882146885,14731407,2390544624,14365306,108961569,192846775,260270202,2240321329,3249286836,412268132,152568882,72840900,11637282,2232883778,474043610,3315835183,99256908,2367230214,1241285960,522290936,2237142252,138443914,195409750,3309086234,89944323,1264224049,112675622,3355354512,3059645574,1118255862,3287539237,2766156750,146691028,799054495778902016,138701095,3526867946,2800789326,2995177836,535216881,2916078391,2304659881,2921490368,477662077,2998916083,433195700,287084597,1588912886,1438477916,130486983,164165832,722019468214317056,396617055,2420085036,1927123123,495499887,2221260234,1680042638,552513982,20909451,131089203,3286002368,3141678404,1413237433,128745563,110597690,212237100,128508867,79747984,111036691,1917419846,1277935184,142605239,3187970742,62103993,347775946,55897052,815897614478495745,156257912,295531868,69484065,251533156,2495658756,1732893642,108312239,3022440614,2968709888,1293552186,1016464634,739369157066526723,148608218,1427842244,78660259,217884292,609900867,384870446,2437856749
2220854262,166053929,328530559,2721756968,2258866224,25043006,45487794,487389327,14514082,119207660,249156356,149585330,619973341,2932146480,118943567,1369359684,357439604,1427449448,4736556499,2868987948,774924002951176192,744550453346656256,1561123183,2706032359,806977792449671169,113697022,747798407733874689,2423813221,592797308,241518702,798214409915015168,4711181012,113250265,562773398,111856529,108246334,412165402,767035326,63226619,3254080171,77898979,120094779,134873405,1673146046,1469752718,145993840,362486249,3124329918,123057317,287190207,3688495640,555883563,2301058656,582597645,278927574,3274075003,2167589748,3192572094,4830205428,1412666898,630993052,3097794102,2752933818,185154117,174980721,344612717,2263777033,215025521,278123639,617025273,1384684081,803976831380508673,1499874158,2186295889,61615918,122305557,2527587546,4104111,377443117,375989152,566895854,2854175070,953284290,156101150,398759235,17884379,425057562,1322377722,559580024,1107824017,415375895,3043419806,164670171,114146295,801013732943937536,277946972,96783116,364322393,116747335,740379549360230400,45116366,175901162,107042980,2876664235,18468872,374384040,221302426,1923245996,2384525437,3534000260,213236608,14283262,110705458,2393192984,71258446,17445709,106359350,3043578366,2338020751,820910466234863616,636753909,2210034768,324204408,217998071,17622782,390031212,912037436,3187328923,327967013,140661586,76891783,4901639047,310291557,15197042,707636043562901504,140957446,6525302,4514277494,601548919,4768642561,350125392,106923358,722951982,529256619,867423907,98031440,1207985966,704091794066132993,575280624,702036974740176896,105781620,107393562,1013033460,163041111,1524514772,296227951,3919372272,472979573,103482322,2299460798,1563237025,141968118,274533438,500376313,4648590036,253009012,2278316137,142605239,610909079,2397470018,768108571682705409,1013273916,223723022,3998911995,716906391202439169,433516270,78660259,4468236687,760073383476199424,57169686,304806782,111868788,216633583,121388408,165147560,381391481,776416227673518081,6257722,61769634,416876537,1331302118,2889514765,176693696,2221260234,89599240,59512470,266198172,311872255,1489102045,57961177,96301196,159212067,3236264598,92004114,2773016930,1230282672,163777461,4147527140,158584247,368996234,715840055982555137,487233268,744712467473784832,178672671,2645227302,148268248,287021085,1171293552,81128999,3880135634,243165144,2893641422,55143079,95411578,3299730504,4686042043,113027922,1588731404,12740302,4543695072,30011055,56597658,230105403,3947332213,351942181,1211587062,325284034,154914770,2589539666,150569759,546728886,287402332,793384641637908481,3190291411,84863232,181613766,2407596964,815897614478495745,3679171938,44628277,1610344716,302928032,1030487389,15782989,2939965898,3876073340,2565480336,1923257508,589998701,740885839735988225,601884446,586380468,69001921,378552499,1233247134,221416155,2153078023,1090641373,2219883769,220942976,116126827,176053446,2489869620,3282303163,121414271,939088549,69876392,2195101268,80317529,1588368044,477375328,4887821294,3228930301,504270022,4888081354,28770889,92765772,112983529,4924576459,565141916,1427652896,220649890,551091308,52876801,515387301,981531715,2450830255,2443717656,1088886354,84617104,295531868,1421226762,2415212833,498802919,3187539487,99935747,145452099,1274913919,2356542222,99065146,208619138,1680042638,2234860657,200829722,126879748,2381477892,4090587074,186647848,100912201,534895619,2811434557,90637759,313837976,1913156420,106639698,5660332,1034540978,69472367,237941305,51327109,247614791,471801034,3035716638,2909429360,3061307797,2765144659,722631382208352256,513734114,281881510,1640571146,1609554908,3139636165,2615595660,86129051,178685274,72556215,2524709863,386928380,4880994851,136544724,3246031,78560756,1329547237,1250752274,115101698,772725649077260288,2787896394,20909451,143395531,1403983866,106923733,84261553,2800789326,88934299,1881786662,79169816,235865320,15888322,331647240,66248781,5161091,95336816,98891949,967692247,210474489,258352199,2286184658,212237100,82900665,2856687122,721648549365059584,2509949550,1516719872,232790891,2479844556,2954885077,2954176903,1214934704,121117243,3182466757,526116212,269583605,109146393,454092313,701730314406629376,2675768354,729265190336749569,3155792923,108499170,2229758856,726446347113525249,789045022763028480,3195207348,1474430012,70675887,170207192,287084597,722771257742073858,3092684144,147961646,134700524,2437923036,427093744,82584006,2363841758,916553269,2383669699,2750137763,711353581731840001,1232947574,371563865,88103577,17041744,47588660,1217604392,285508846,3248700662,801122563225055232,7611042,511311818,46610863,172633862,86282544,3009443155,472985752,1487251278,1165846555,89982090,348512679,477916784,2203001954,701769289242546177,4776892400,69014764,270802850,3189365473,127850518,360623475,788538431613710336,796199161,1668013274,3000689598,109937762,1903582759,113762035,595139186,1304664565,2904052513,116319736,34175088,130822837,4732173733,779922785934020609,793676027641917444,277024032,14807311,2791219595,2953098450,119044678,3356416814,467970267,3068161046,557749727,162444870,500354047,3100206492,303036121,2994800682,920733390,1632613272,4761062606,3314079703,215270961,64361064,177177552,125171112,803090686346076160,718772633421029376,546049690,14071487,1863750126,305337902,220260419,702737735035949057,161327130,977900888,292142564,3031667206,140421820,176387462,400720799,96357612,785549586,797635842449641472,376667789,271446959,295626055,2881378579,1583594232,1248659096,4821154994,708316241102942208,249023475,63461143,582494043,1547723784,709258447594725376,4518495380,3269798672,744791448,209982500,1440619700,232816019,1245697345,93354555,1635080534,2196533113,2993378558,316017782,76930558,745616877473275906,174432016,162339507,15982204,702642855588663296,1974810612,160397845,790944297910579200,1572335857,346285403,66297785,1713274057,76232408,100378724,786526296436121600,77198783,1199621377,104507727,2181769143,3266579130,111464118,44940172,2711712037,528978054,925078362,1214939851,362401254,1326527461,738899638594375680,4713535933,2465862210,164289791,469914970,780131496,1389378229,105829199,990899076,107645385,777774072,1582220683,2317151762,131847523,4831391,777627996,1196793104,177549105,336470916,810904522285400064,70054561,246120775,227044143,4838877684,3426467953,4673443538,837234816558866432,543416483,737075095261188096,99666183,458359698,156249975,437749202,4135274360,2862501254,113805879,2246842249,729636779783917571,1706876556,582661019,97595415,1451665674,196108701,319463207,102944802,2427209972,582769131,337556529,125644441,1381911260,88385720,128796794,1035989251,15721090,139164333,223410747,268215436,1343914832,793692179470258176,2311741759,2243990906,2605597950,1878666397,124287961,238016849,2468347933,4120233199,2343754692,69739038,3176137200,105699879,106415431,51000475,1215189680,726851210787979264,275252376,4410804193,3315835183,59111213,311566253,376848464,71430124,35202072,3983110578,98369037,443554101,195746332,1025942498,174955991,154152824,247387324,178739064,1672171886,210793293,571216032,264320265,156921608,2512659728,910307893,14593489,4752880320,2885344326,764454329365344257,142259228,279443531,275605379,703218313833218050,179561709,173096808,2386251739,554006233,3187970742,3107914273,333986096,1929587263,1103443658,211800955,167959130,825722632125308928,66601333,170939623,3401711,2352734053,612672625,3323015893,141610735,3171131006,734546785,1607484811,82114223,1721569584,90078908,603575297,4296213266,483008128,114606028,717387731505025024,2514846540,112364582,163862538,2268910746,3288534368,97877512,2429820356,3259579002,504670586,5524732,4738509493,203576003,4702757546,764261509136420864,428288293,1209260426,1671505184,763282227597750272,1929743694,111134927,4486744412,69192381,820482874101014531,25306646,4608236540,1902324210,105408701,3100773817,167240403,121840316,555731239,740913022927962113,814143807318945792,2843502012,1420919810,168607318,3053959400,253145219,400026244,3288963289,2493043944,1185681416,515530852,758756132,16806855,614065373,1550020328,452019861,158227376,1116748572,1603825117,284575303,1672184269,2816318186,153339375,487119609,88400057,232585467,192767456,3238392042,585767501,2601900296,168013052,3935308512,1570828464,2909978522,243933223,545119130,193741019,2274644486,250016546,595525996,1840846752,280046719,2362667282,2257161986,754787592084738049,224171470,3272542110,3659975486,3313011139,6187612,226517687,62427717,128936832,335270348,1405231680,62103993,745060777535516672,3304226066,93291481,5573352,788774233,1646990648,3558795492,104243106,20063068,903709178,146800457,2191464510,1548029071,108198353,239747335,711498075315933184,264627362,3022689258,2322986196,619182875,1028737788,745596723192442883,1690743270,400186751,799054495778902016,810493831468576768,108925802,3181535172,2197438190,103412033,1687041560,820298958593372160,545355018,4773028386,1559767998,125569629,1343672372,126869577,1027920860,438259292,179959129,2332723700,444716886,135466702,126579510,1001410644,3688487773,128215955,103207685,2744126239,779236687574511616,2658981814,3222800863,205278010,92283339,448485458,133279836,14054246,1859898992,2419004779,97931629,370956885,1293552186,355467508,3014443676,256402505,3167639346,2594651228,113559671,129824349,845717634,142880137,195409750,4639391418,3189149046,485238371,912117680,313220725,582786194,176002709,3969711914,122765384,565292503,739457883344015361,697005636467339264,1241285960,150834938,2301116940,154764097,577000415,4774115832,4882146885,14731407,106914013,185602827,43809995,97778363,562085245,72840900,1850095158,3118908378,1438477916,152568882,730292148554194944,138443914,200823909,3504748992,474043610,4880807249,2237142252,3309086234,99256908,3141678404,3059645574,72030436,477662077,112675622,3355354512,260270202,130486983,433195700,2662515085,164165832,2231029604,1704834752,2993903329,3194900138,281257371,2916078391,106722331,754185677076443136,109519099,2842190244,1167412908,569162522,49116473,3006668305,42339245,2337272023,495499887,196943352,3257172907,172284071,1386677371,2170395426,2370283988,740330359632465920,110138953,819701467070099457,2383817438,268195377,92793928,462113084,3250239018,779509437157429248,268235030,2953558980,2217783474,1640228828,91131102,2465245291,15206901,241946031,3237977286,274219830,14569397,183079588,729503358914953216,1035828998,737975587,120332990,146648804,927643128,68371366,812673573575737344,69651070,1031958679,3119545434,1077840763,261589287,4736964470,155211167,923139588,255342023,4463344212,2217223704,2956051663,1879602871,1331354773,255000007,311403483,152637705,102710639,2254232792,300766678,240159914,107550597,354129225,126800837,536124258,3005740748,325413578,3193447190,2680714453,71688342,1080984014,2937115692,124670174,3066310974,2951289997,4655551813,802966965778137089,115694863,2771377226,2685097081,22360236,3259133840
2402675282,368996234,2957695782,777774072,705703684517163008,166053929,4761062606,113697022,328530559,2258866224,101739431,3016740481,233080060,2852008440,2214284466,25043006,487389327,14514082,2495658756,1253981324,149585330,2911818157,867423907,3810669799,240698532,1369359684,292669189,1427449448,2423813221,3046540764,592797308,241518702,57841747,3124618716,275252376,4711181012,412165402,508982156,258617654,63226619,566327775,1343914832,59111213,715573470034145280,767035326,159212067,120094779,432145272,253145219,77898979,153040465,362486249,631695066,3124329918,123057317,139931339,3688495640,278927574,582597645,1628272183,3274075003,732415501100417025,2167589748,246120775,2452044534,4830205428,1412666898,105382086,2885344326,2263777033,278123639,153339375,3192572094,2752933818,170206582,3122227141,910307893,3162263778,174980721,1384684081,2186295889,83156849,803976831380508673,61615918,501750305,953284290,140661586,261562721,2527587546,425057562,768257697493823488,136454749,14236392,415375895,2811434557,3098460175,559580024,2221260234,310291557,122305557,277946972,213236608,1926824899,3043419806,45116366,364322393,107042980,311872255,2876664235,2384525437,221302426,3031523547,1127526817,740379549360230400,636753909,14283262,151277224,1557214531,110705458,150203938,108499170,217998071,3187970742,1337317784,71258446,2338020751,713719483924217856,304806782,186647848,3043578366,2210034768,140957446,2391414840,181613766,1563237025,17622782,4768642561,3006655818,3187328923,108925802,141608092,14569397,601548919,96496452,310668082,4104111,76891783,15197042,350125392,2377072274,707636043562901504,2811223981,64723017,797421392442499074,106923358,228869032,3236690348,2904052513,796199161,3869294353,170159180,105781620,2321934108,105173323,529256619,2615595660,2246842249,3182466757,704091794066132993,1013033460,395265120,98031440,4419802994,1068426248,2585552538,1207985966,1171293552,99666183,163041111,28811940,1524514772,2299460798,113250265,111305124,2816721649,2397470018,36914160,79169816,135024885,223723022,768108571682705409,114146295,716906391202439169,4648590036,3998911995,473878448,165147560,4468236687,57169686,726446347113525249,266198172,6257722,416876537,2357762390,216633583,136699263,776416227673518081,113027922,806977792449671169,1879602871,148268248,168607318,92004114,1451665674,287021085,749212746202308608,715840055982555137,744712467473784832,709258447594725376,2893641422,55143079,1178699515,378552499,1368492708,1603825117,708508835216891904,243165144,33466363,156101150,4834854074,4686042043,4543695072,292142564,12740302,121388408,230105403,287402332,3947332213,30011055,215270961,351942181,172284071,546728886,154914770,2407596964,274533438,586380468,69876392,607048619,562773398,44628277,105639187,1610344716,4296213266,1913416410,302928032,15982204,1030487389,3876073340,4310302934,1687041560,69001921,2195101268,487119609,1025942498,60199663,601884446,2153078023,744308421298528256,2489894508,3228930301,176053446,3922243874,106693868,2994800682,150876450,238144988,14807311,2219883769,4465169900,1476368089,551091308,1588368044,3282303163,1673146046,166857250,2381477892,2457598759,116126827,939088549,2489869620,749593075194834946,112983529,3187539487,1421226762,2234860657,565141916,740228382030368768,981531715,195409750,99065146,2390544624,99935747,192390524,550742704,1274913919,2450830255,200829722,3035716638,212237100,11595102,3139636165,1913156420,719668881367937024,4251483792,1034540978,5573352,237941305,7611042,740885839735988225,1640571146,1923001070,311403483,1962030606,2347689498,513734114,967692247,1250752274,534895619,126800837,772725649077260288,3669112820,235865320,1128022554,178685274,386928380,65945993,319463207,15888322,2400638310,238556216,776172559,727641555037642753,269583605,362401254,126579510,2930409302,114799232,1211861108,78560756,619973341,241946031,265810206,22735634,1396154448,115101698,4760803316,3165942768,2834683249,1403983866,1329547237,371563865,2787896394,88934299,2954885077,98148497,1036891830,1845007832,331647240,3092684144,99846354,2286184658,5161091,2750137763,2509949550,2221621057,86129051,711189023218278400,121117243,721648549365059584,114155473,1516719872,454092313,4755726978,2301058656,135844145,526116212,136544724,1572515173,729265190336749569,228019907,128796794,2541834019,296227951,247614791,4016349560,82584006,916553269,74985376,271967816,109937762,2350082330,99068944,17041744,329070595,1233247134,2363841758,2278316137,3791815752,1116429980,4924576459,419515470,1474430012,3155792923,472985752,595632619,86282544,3061307797,511311818,595139186,2229758856,89982090,1732013785,69014764,360623475,226517687,105138809,16809790,348512679,127850518,3131300671,119044678,476324515,1304664565,3926023418,3679171938,731103687997673473,2268910746,230657584,2301156242,817802312965984256,277983045,3089307368,47588660,277024032,151434264,300735474,2877978246,167728298,293407200,1730267449,4732173733,177549105,1165846555,1582220683,58405870,52876801,2881378579,793676027641917444,34175088,3141678404,1364552654,16040176,802435940832538624,803090686346076160,4782826418,467970267,176387462,115694863,124670174,400720799,3068161046,766631804983836673,303036121,223410747,761922832485879808,557749727,162339507,177177552,1248659096,714522762849570816,179094450,103303519,1547723784,194615142,706068107110952960,751664116993961984,920733390,113901544,977900888,3189365473,161327130,64361064,1866980005,2605699718,4771084692,1588731404,94951237,135527624,14071487,120158285,244113072,125171112,786526296436121600,376667789,5631872,398653006,2847247915,795912491138093056,1684655328,66297785,1863750126,3356416814,1583594232,1331302118,271446959,295626055,249023475,2880648721,3031667206,264627362,582494043,63461143,1245697345,140839919,2954176903,1090641373,1318202371,1447842450,4822001774,708316241102942208,76930558,3030049807,2892180222,232816019,3269798672,93354555,702642855588663296,745616877473275906,3274724114,1282811928,1640716315,3166192845,1974810612,738899638594375680,1572335857,77198783,2465862210,333479852,160397845,450577915,2181769143,46610863,152049974,733935383667302400,1199621377,437749202,2427209972,477375328,718064547291004930,1923342181,2711712037,44940172,95411578,111464118,4325708541,99515753,1713274057,739721940026281984,1028603990,396186711,825984568880553984,3371408114,196108701,107631089,528978054,143395531,3256339280,3313011139,316017782,243302287,925078362,3222800863,150834938,906404024,1214939851,4114650852,381391481,487230954,1196793104,1326527461,1389378229,780131496,4212449414,4713535933,729636779783917571,2900259174,543416483,1223420443,131847523,105829199,3426467953,2605597950,495499887,2645227302,2243936120,9496792,2988388975,107655719,107645385,2896024994,2773016930,4673443538,18115386,311566253,117132594,96301196,267542533,458359698,737075095261188096,837234816558866432,3402271814,172633862,2928258564,2181917178,2512659728,209982500,1706876556,250503539,162444870,2756764825,1881786662,582661019,167959130,337556529,728152188917178369,793692179470258176,145855797,582769131,500354047,799054495778902016,268215436,139164333,4726338518,1923257508,336470916,15721090,617025273,51000475,4738509493,500376313,1878666397,737559606788952069,1035989251,1245146268,2243990906,1490574733,84279864,2352734053,2468347933,2343754692,205278010,4781739864,382732869,35202072,1633134696,376848464,493813527,2882975708,2311741759,443554101,463362655,195746332,2853975558,255288999,3983110578,716884314911170563,98369037,154152824,264320265,156921608,472979573,170939623,142259228,346593752,1249470222,764454329365344257,305337902,162728790,1103443658,156249975,1402369591,421852390,761093938690207744,1574181752,16022389,3184368337,516979197,163862538,743909917363363840,66601333,3401711,3323015893,97877512,114606028,554006233,141610735,4332995414,3171131006,825722632125308928,95336816,111868788,2909429360,4776892400,198516285,803251242,504670586,1607484811,515530852,121840316,555731239,1647612522,89914545,104243106,717387731505025024,3934759880,3259579002,1721569584,98891949,4157790866,614266230,203576003,2953098450,287084597,90078908,264840291,1651539458,3327899630,4608236540,2842190244,1671505184,428288293,3005740748,3222515508,99518839,91271456,808987489008373762,1209260426,820482874101014531,3493408212,764261509136420864,111134927,1605793886,3053959400,105086035,243933223,116399040,106415431,1420919810,232585467,2894633588,733925814580830208,2810118211,49009062,400026244,1550020328,386989414,1975990291,4375821379,2493043944,2306692028,711498075315933184,3067325389,17123286,158227376,1570828464,3238392042,235962965,2602090988,614065373,2816318186,2170395426,2269391414,1116748572,88400057,112364582,2843502012,2932864364,2601900296,726851210787979264,585767501,119491689,1840846752,173852199,1850095158,125569629,3935308512,280046719,107890250,1226635238,485235199,770412877379350528,124782164,3135642913,2384318252,2322986196,812673573575737344,758756132,142479371,1459753092,951594751,2701270884,1076426167,6187612,1666176439,1381911260,339118791,697005636467339264,124443587,93291481,106336792,710825790405881856,1729258040,156266412,788774233,712977462569754625,2920499670,3558795492,829124923,20063068,2191464510,740913022927962113,3315835183,68956393,1346916284,903709178,2852813784,110709900,108198353,826993591,1548029071,138292326,1330713522,380535413,239747335,92765772,147145341,594376110,113559671,400186751,745596723192442883,113940659,109146393,103412033,615229450,257277305,545119130,820298958593372160,154510343,127152635,320703161,228270731,438259292,1718002796,135466702,2462796764,5660332,901518032,167240403,2744126239,2332723700,444716886,1197067507,14204588,138443914,68312128,3022689258,495015238,247558355,3688487773,740719539390812164,179959129,68371366,175241788,854065868,1703820026,3237977286,128215955,2658981814,103207685,9801092,737975587,2589484308,1001410644,14054246,355467508,279995344,109202955,92283339,106359350,109758782,1241285960,256402505,433797393,134451576,3167639346,354036380,2231029604,952917517,142880137,2947434344,3014443676,127794430,105412686,106722331,2993903329,313220725,2475304848,282382886,2921490368,2270217308,129824349,254515182,1427652896,1319610176,2892153390,1063561645,1614022063,2440300278,582786194,4463344212,776967876448182275,39318992,174432016,4882146885,2236065025,3021325016,14731407,3534000260,109759976,2354008052,773520216177410048,72840900,169340597,219857976,2301116940,154764097,763282227597750272,815897614478495745,152568882,1640228828,260270202,388369087,4388891539,289324309,3309086234,2237142252,67471633,474043610,717646747,233806860,3118908378,343164845,130486983,3059645574,99256908,1728252884,927643128,477662077,2370283988,92648092,729503358914953216,277066361,3260727974,1438477916,362507353,133543001,13480112,41335989,120421703,3321963240,3116344153,2580517280,1540706023,129701418,2493888254,133361507,821550209406672896,36921425,2914512446,1711375848,214793399,487385052,1320883860,16979586,755380822266437632,174831676,112675622,6386322,742835747372163073
166053929,2942709456,4222761972,211457856,207071154,25784387,328530559,2258866224,25043006,625533687,382271443,487389327,14514082,14800072,149585330,40371618,1369359684,1427449448,741641976844451840,4761062606,799054495778902016,4185085043,4725841062,2285002381,147961646,9496792,205278010,113697022,2423813221,1629912176,592797308,782033988143554560,3020493697,241518702,90819024,4711181012,123057317,3124329918,412165402,120094779,2703151622,99120914,63226619,767035326,77898979,362486249,3688495640,278927574,3274075003,59111213,305337902,582597645,810904522285400064,768508561194299392,2391414840,142520853,4830205428,2167589748,4104111,749488564975480833,723934291,2263777033,1412666898,545119130,109832030,2947434344,17622782,559580024,4777183178,278123639,2752933818,1263814297,438407315,174980721,275252376,804919985172664320,61615918,1384684081,2186295889,803976831380508673,3192572094,2527587546,213236608,444668093,3394734554,799813018917814272,953284290,277946972,116747335,425057562,415375895,310291557,4760803316,140957446,122305557,745804288304254977,1233247134,726851210787979264,364322393,3084719126,45116366,2384525437,4880602673,269907583,3043419806,107042980,221302426,2876664235,155815041,6222522,636753909,168607318,740379549360230400,66601333,2720627318,3237829371,2443717656,105639187,14283262,110705458,179561709,1337317784,217998071,311872255,2338020751,71258446,2210034768,4886711,5573352,304806782,3043578366,2844114078,287021085,18468872,1409334038,1563237025,1383223686,479367164,4177561584,4768642561,266198172,3187328923,1346916284,2286184658,106923358,76891783,2584322180,62427717,140661586,69472367,557595892,15197042,1611778938,114799232,52876801,41997628,2994800682,350125392,230800647,2164260895,1013033460,704091794066132993,529256619,147530052,105781620,1242531530,2429820356,99666183,1171293552,2541834019,4468236687,1207985966,815897614478495745,992643187,98031440,867423907,239026970,4782826418,125644441,4874533219,163041111,200468750,1524514772,4649805552,4174486752,2397470018,2299460798,165147560,150876450,2303984232,4296213266,2317151762,4090587074,223723022,582678985,139931339,4924576459,102944802,216633583,768108571682705409,716906391202439169,57169686,113027922,65992806,3998911995,716934645221187584,1714567393,565141916,4648590036,7611042,614266230,2278316137,120972387,1041877309,1879602871,2195101268,2216911134,58327710,6257722,416876537,92765772,2833050776,1141254258,1668013274,724808278086012928,776416227673518081,295626055,866275639,92004114,806977792449671169,109937762,74180177,181613766,2196533113,378552499,315102515,4662458904,715840055982555137,71248326,55143079,159711193,12740302,1610344716,744712467473784832,2407596964,30011055,2893641422,79169816,287402332,3876073340,158324862,4543695072,243165144,118974500,356259993,3162263778,4686042043,3050035860,230105403,49116473,701508926471168000,3947332213,69876392,351942181,546728886,3445180092,2918775564,1320883860,75828566,114146295,131847523,243302287,895629588,154914770,4501201,373995697,274533438,586380468,44628277,302928032,2862501254,1030487389,146554621,824358038,370103075,2489869620,121388408,2219883769,2581834844,69001921,415552787,176053446,782497272374317056,617025273,1547723784,939088549,3228930301,1588368044,2936111448,2381477892,112983529,2153078023,103482322,106295294,109146393,483820417,2456535746,800185467538788352,88624362,2450830255,3282303163,11588872,116126827,138782673,15491520,1697866903,3187539487,761177743,148268248,99935747,1640571146,2515205844,186647848,2234860657,976523503,4883012718,314469213,3139636165,234755004,237941305,4666577833,106359350,406144362,99065146,178685274,235865320,3195582222,30223785,2931354547,981531715,551091308,69651070,3035716638,14807311,368996234,1274913919,200829722,113250265,2539568072,619973341,2675768354,967692247,1217604392,3196269806,1421226762,2811434557,115101698,105382086,1913156420,2328195722,14569397,1034540978,2172527923,1516719872,1059600726,754612879777599489,210839148,269583605,86129051,513734114,87198273,770098698634268673,1250752274,15888322,142259228,1403983866,2697828972,136544724,771595991547981824,2615595660,386928380,566369765,818374687088513025,877601046,264765192,774028705966460931,906404024,534895619,1706876556,122950194,78560756,17041744,3926023418,174432016,167312754,2954885077,483474409,126579510,3250239018,1221853364,4188445399,772725649077260288,143668234,3092684144,2750137763,715573470034145280,2787896394,88934299,2197954712,331647240,540632990,1329547237,1090641373,195574657,2509949550,1732893642,5161091,121117243,454092313,203576003,162444870,721648549365059584,247558355,102890665,526116212,631695066,829124923,729265190336749569,495499887,296227951,844936670,2912719910,154152824,916553269,87094927,2986115947,82584006,17445709,823861098289897472,60199663,4732173733,3315835183,556117845,1906247766,433195700,786526296436121600,472985752,745243332016668672,394480459,790889099448115200,2427209972,383856076,2363841758,1266725779,1632868171,4673443538,86282544,755380822266437632,1474430012,595139186,387115487,66297785,127850518,442004205,1116429980,293845553,205257567,2949792151,1735620684,69014764,511311818,89982090,109008673,220649890,360623475,3155792923,2904052513,977900888,23207847,2268910746,1368492708,371563865,2229758856,3848367018,119044678,156101150,348512679,354036380,130822837,1304664565,277024032,247614791,776045888909086726,4333547052,3679171938,88385720,582809295,1386535230,400720799,803090686346076160,1672184269,319489095,3304226066,793676027641917444,1331302118,2605597950,2272521673,213652446,2931249776,866157589,778243604250636288,301488928,303036121,3356416814,1583594232,376667789,353655676,47588660,4810722115,3190203914,121948820,34175088,467970267,907776512,1165846555,3031956112,135024885,3068161046,897549607,310915403,2679930006,1226785639,2386251739,557749727,177177552,476738837,2906144503,3031667206,289403800,920733390,162339507,64361064,176387462,271446959,793692179470258176,2907981481,1863750126,2565480336,2270993311,6882322,14071487,132404336,125171112,110748603,2881378579,161327130,124443587,709258447594725376,159088067,418305249,582494043,1880174226,253145219,4802308494,105408701,249023475,711223036087705600,1490574733,1316823631,94289754,63461143,76930558,1245697345,708316241102942208,232816019,3286154971,601548919,3189365473,793384641637908481,243450451,1248659096,2645544750,162368053,1483149211,702642855588663296,349489505,266852045,100939741,738899638594375680,1453453153,4713535933,3304139304,93354555,200869918,1640716315,3269798672,83810350,745616877473275906,1427072544,68079334,812673573575737344,3265727808,360368998,15982204,437749202,1729258040,729275870121091072,1974810612,1572335857,260270202,382732869,2296380523,285276588,3152205769,51000475,2465862210,103207685,77198783,46610863,111464118,2954176903,780131496,804705014102953985,2181769143,1196793104,311566253,2711712037,1199621377,44940172,1214939851,751641104,362401254,177549105,92285753,136179921,111880950,160397845,543416483,925078362,3061307797,3148013767,319463207,1326527461,135530118,1389378229,16739926,3289759069,157163299,729636779783917571,528978054,246120775,115051311,2593143055,802595731,16979586,706845313156259840,1713274057,239747335,3426467953,1518429902,483491356,243933223,777774072,5631872,740564585199992832,105829199,2736697459,89599240,458359698,81872670,1728597109,316017782,96301196,107645385,737075095261188096,132875626,172633862,1582220683,270802850,2993903329,1004386224,268215436,754011835720884224,1845007832,167959130,3349941013,2352734053,196108701,582661019,3045517662,337556529,293407200,859452704,837234816558866432,1881786662,2694172345,2246842249,610009626,3839521,223410747,1923257508,146482503,3033693128,104243106,2863678291,582769131,139164333,163862538,1548536748,1330713522,149851550,477375328,61060753,1343914832,2243990906,1603825117,156921608,555026658,536124258,3005740748,1088886354,1878666397,15721090,472979573,16069066,33466363,4738509493,57610574,2468347933,3259579002,2788097443,2843568066,215952112,1050192536,4781739864,1358657352,97877512,901518032,935118805,35202072,2525250656,56597658,336470916,1962030606,1016464634,2512659728,2257924819,98369037,2343754692,443554101,376848464,467036619,771253759758311424,195746332,398653006,4730257694,1025942498,69739038,2485568930,1319610176,264320265,756309389619793920,3983110578,1035989251,170939623,2885344326,2514772376,2311741759,1103443658,1611985321,3688487773,2759083950,142880137,10349492,782922762574630912,790944297910579200,764454329365344257,796199161,159212067,259213878,347685856,1561529839,338640640,3246031,138462788,3053959400,555731239,3323015893,528961416,143404547,3401711,114606028,501750305,18603165,3171131006,2359432340,95336816,130599819,141610735,121840316,136854433,111868788,470279907,2389853970,2909429360,504670586,515530852,554006233,825722632125308928,4154918478,2591882168,2601900296,347739325,717387731505025024,1607484811,98891949,2605699718,1570828464,992328512,1721569584,6590812,84279864,1671505184,232585467,2940556627,2842190244,1329014562,106415431,428288293,2953098450,1209260426,4882146885,1588025569,4608236540,820482874101014531,158227376,111134927,3534000260,125569629,305335709,2762166986,90078908,2275037991,711498075315933184,1353513487,87963363,2947813885,990893935,801122563225055232,764261509136420864,400026244,510032413,1451665674,255342023,176686492,156249975,1420919810,1550020328,2493043944,370956885,595525996,2852813784,749593075194834946,3238392042,3289614930,3277368865,500354047,1116748572,260251167,1625818634,614065373,1182118044,776967876448182275,3283209914,724587763589218304,102340528,2448212508,2322986196,2816318186,585767501,93291481,739423480207134724,2645227302,894582775,88400057,1840846752,280046719,3223792212,3935308512,106722331,740913022927962113,1613064720,3493408212,1220505270,6187612,2843502012,697005636467339264,228869032,1381911260,788774233,3558795492,2376778740,2278343275,2892153390,2191464510,355467508,2245330352,134336639,3080187468,3313300826,20063068,124616624,1548029071,605695639,150834938,1001410644,1903582759,438259292,108198353,62032512,5660332,1975990291,903709178,3327899630,113559671,126249409,89237626,260103302,4923818598,300783266,758756132,178865050,112364582,1402173962,400186751,745596723192442883,103412033,1687041560,138443914,820298958593372160,2332723700,550742704,444716886,2475646328,135466702,2384631313,2744126239,68371366,4776892400,164289791,2773016930,128215955,97778363,2986618076,737975587,346593752,275605379,1866980005,2658981814,179959129,129824349,3514113320,195409750,1082334186,3246900476,20909451,214793399,1241285960,256402505,3167639346,14054246,5524732,3022689258,67307203,92283339,2231029604,710807609591222272,273019929,4200178452,2932848582,98154805,3237977286,1185681416,4879813570,313220725,1214934704,1427652896,927643128,3014443676,133543001,582786194,14731407,2968709888,3141678404,763282227597750272,292142564,100389301,2301058656,72840900,2412513164
3948381618,42620364,166053929,328530559,2427209972,2258866224,2724019772,3208854919,25043006,487389327,149585330,3232117320,287021085,734546785,46854537,153339375,14514082,276747244,228019907,1369359684,1427449448,416876537,113697022,334446911,152680499,1451665674,2423813221,84240596,12740302,2240438990,592797308,1350742926,250016546,1857463945,241518702,4711181012,533204379,4310846180,3998911995,4761062606,123057317,3124329918,2951643788,412165402,395344789,98031440,77898979,120094779,63226619,419515470,177177552,566322918,106905066,767035326,362486249,216633583,3688495640,470279907,140821466,362401254,278927574,4912038457,4830205428,1588912886,1344776983,7611042,2263777033,2999619314,244113072,3094369380,1405231680,105408701,3274075003,173096808,1412666898,2167589748,582597645,472985752,28770889,559580024,59111213,128796794,2787896394,90078908,61615918,488170007,278123639,2186295889,66341567,2752933818,444716886,174980721,136320747,213236608,1384684081,803976831380508673,713538966901751810,1573060256,2527587546,14283262,292707510,277946972,953284290,1346916284,14489679,3192572094,425057562,761093938690207744,55143079,1575000391,364322393,140957446,3304226066,415375895,122305557,4776892400,2384525437,3162263778,45116366,2524642166,107042980,1948804807,179374042,3043419806,636753909,786526296436121600,272493866,4104111,221302426,2876664235,740379549360230400,110705458,217998071,2338020751,2210034768,71258446,1171293552,311872255,15197042,1316823631,2939702407,2356542222,136864085,259584463,4768642561,2949640063,40579647,142192585,704091794066132993,17622782,176634709,304806782,106923358,1490574733,1563237025,3187328923,3043578366,140661586,529256619,4468236687,76891783,1013033460,350125392,105781620,95336816,2397470018,1207985966,163041111,1547723784,3592667114,152266318,867423907,1617260358,4212087134,1499874158,635245453,2509949550,1524514772,4296213266,1610344716,165147560,2251387002,2299460798,99666183,223723022,139931339,2908156980,349489505,582786194,768108571682705409,716906391202439169,57169686,4648590036,145993840,619182875,6257722,1939352750,287402332,177549105,2721756968,92004114,1610333215,113027922,776416227673518081,490250742,489532972,723934291,2416017576,378552499,806977792449671169,186647848,79169816,1614022063,266198172,181613766,2947434344,799627570446667777,702496514757644288,1879602871,89944323,2193852151,230105403,715840055982555137,744712467473784832,30011055,322595355,2407596964,295626055,191914761,1394475098,4543695072,184085313,229956252,2893641422,3876073340,2381477892,3100206492,114587449,243165144,786332703813623808,3356416814,2468347933,2195101268,586380468,3947332213,4686042043,817566381134618624,697005636467339264,69876392,118974500,305337902,3006655818,481108939,89558665,351942181,790016653190803456,3187539487,546728886,274533438,4785272419,154914770,140021552,92395935,44628277,4548093644,15982204,116126827,176053446,154152824,6222522,185112212,757145266549952512,302928032,1030487389,112983529,1588368044,601884446,102944802,3096642594,1558233030,4838877684,2219883769,126879748,987733650,2881032907,9496792,939088549,319643817,249023475,2450830255,2489869620,69001921,3228930301,6386322,749593075194834946,311403483,3139636165,2153078023,1050192536,3282303163,2234860657,95411578,2518527691,1706876556,2274163202,2490690866,185602827,1329547237,796707495397888000,51460145,397671438,99065146,2275037991,237941305,801122563225055232,1640571146,2364003601,178685274,1396874545,130486983,556117845,64098572,619973341,3227671838,97931629,3045517662,967692247,99935747,1516719872,1297043768,1211861108,235865320,114146295,565141916,812673573575737344,121388408,260270202,115101698,232831108,136544724,981531715,3035716638,551091308,86129051,1274913919,200829722,2475646328,1974810612,2916024776,111014459,1497671768,126579510,896994926,14807311,463362655,1016464634,2811434557,1913156420,1034540978,738899638594375680,534895619,2852621401,15888322,3170576534,777458825699864576,93877652,2301116940,269583605,1233247134,373995697,513734114,1250752274,1403983866,814143807318945792,1421226762,2615595660,2954885077,721502594913284097,69014764,3080523176,78560756,17041744,386928380,2502366874,729636779783917571,770957408449368064,772725649077260288,770561292,2953712178,121358914,2263635158,88934299,3092684144,2750137763,11637282,799813018917814272,5707612,124613689,347685856,396617055,532853902,3225807060,487227988,2840853390,3152611602,331647240,495499887,86282544,240159914,2216911134,2286184658,605695639,121117243,2991094890,610367732,5161091,4732173733,731712911614181377,53328718,207385294,17884379,761555897105526784,2594651228,101741110,2479331617,3092271889,1028826536,454092313,803251242,148268248,2832912835,371563865,162444870,120417286,916553269,176046207,526116212,721648549365059584,2605597950,729265190336749569,720291649058779139,296227951,3031523547,296578300,308971641,3219933668,382732869,127850518,82584006,92793928,595139186,2363841758,1474430012,977900888,108925802,511311818,128405708,303036121,1368492708,113250265,66297785,44940172,360623475,348512679,4726885794,179059903,89982090,3401711,1483149211,4671383360,726851210787979264,2904052513,758756132,2268910746,119044678,1570186922,270802850,118320082,2279876474,2675768354,2383817438,2613340494,129026670,355467508,2601900296,739369157066526723,2645227302,247614791,376667789,3155792923,150203938,2931249776,2191448756,1304664565,280046719,2457870236,2384631313,215270961,2229758856,4640023230,277024032,545119130,2893328989,315713103,828338900,1331302118,3272481654,400720799,803090686346076160,134332328,2994800682,1583594232,111464118,2881378579,793692179470258176,162339507,497038699,125545216,476738837,161327130,1863750126,69739038,920733390,340859143,271446959,2376555253,2245610449,793676027641917444,354036380,287084597,208056970,3068161046,383856076,467970267,2221621057,2541834019,125644441,817622057315766272,1883111648,254977048,101405831,3688487773,47588660,704930243325329408,158712858,142259228,200468750,1106545615,557749727,1245697345,64361064,34175088,2185650067,1559952566,14071487,749615430172422144,912037436,125171112,821278981,1960742172,142597326,1601963082,3031667206,176387462,103482322,1165846555,76930558,3134680645,709258447594725376,253145219,1108302650,2982043728,3727175834,4686011611,46610863,491292208,3679171938,2954176903,582494043,3197668927,336470916,332902064,311566253,63461143,398653006,708316241102942208,358769277,479367164,268195377,4713535933,1090641373,62103993,232816019,3189365473,702642855588663296,780131496,745616877473275906,93354555,163463985,51000475,2221260234,3279318216,1248659096,3269798672,164670171,1632245600,16437836,1185681416,437749202,117779821,3534000260,75828566,582769131,137011868,2465862210,321897940,1054640846,1572335857,77198783,268215436,16285524,124443587,1196793104,897549607,243933223,1582220683,2181769143,132404336,426354009,2870475259,2711712037,543416483,226517687,2706105481,3426467953,1199621377,550742704,3061307797,1214939851,1389378229,925078362,156101150,3241475876,3041678240,1326527461,590886701,595525996,458359698,319463207,105141365,246120775,1878666397,706657438359945216,160397845,131847523,758903930646429696,2475304848,528978054,163862538,78027964,119092718,3114678499,777774072,292202766,409158148,16979586,1713274057,3473964740,105829199,4673443538,50237104,223410747,64151683,1929587263,1958797993,96301196,614065373,3005740748,337556529,737075095261188096,167959130,49116473,483008128,172633862,107645385,66601333,316017782,196108701,4738509493,582661019,17445709,2352734053,104243106,2885344326,472979573,1881786662,2591882168,98369037,1923257508,115694863,2246842249,837234816558866432,139164333,129249559,216776517,1343914832,477375328,156921608,2311741759,3259579002,220942976,2243990906,799054495778902016,1427842244,135668109,266503807,97877512,3010848974,2909429360,318434554,15721090,35202072,170939623,2164260895,2461133713,443554101,195746332,728190957582045185,1011315967,2343754692,376848464,3100773817,264320265,135024885,79747984,1025942498,243302287,10351512,3983110578,1103443658,500354047,4013074831,2191961192,764454329365344257,728134837874266113,1611778938,3194931222,1588025569,114606028,99402683,718437577401835520,1035989251,3053959400,825722632125308928,2512659728,555731239,745060777535516672,796199161,1548536748,126913884,125569629,1285858046,121840316,2371870938,2461224788,98891949,3323015893,3171131006,3089307368,717387731505025024,232585467,425391700,113901544,129999273,203576003,515530852,111868788,141610735,504670586,2322986196,617025273,88103577,1671505184,428288293,1607484811,2700723571,4507601538,3313300826,1550020328,168607318,711498075315933184,1160622691,554006233,4880807249,1721569584,1570828464,4608236540,802595731,1209260426,820482874101014531,837354326,2842190244,1170478675,1079347050,111711165,156128310,84863232,2953098450,158227376,113024706,111134927,114799232,764261509136420864,400026244,3238392042,2493043944,562773398,1420919810,368996234,4782826418,1116748572,19959135,3015031480,740913022927962113,106415431,220260419,2816318186,3178222652,124616624,753083036728717312,1128062978,260251167,93291481,1128022554,1028603990,579593991,585767501,2993903329,1840846752,113559671,88400057,773241152707276800,6187612,3935308512,2306201568,3880965674,438259292,156249975,73595806,84279864,1548029071,1381911260,171024778,109146393,3411521,2793934562,124010116,3014443676,788774233,3558795492,260103302,763282227597750272,1582348116,2191464510,20063068,745596723192442883,1866980005,124782164,5660332,1561529839,95855875,569162522,108198353,61769634,159088067,903709178,2968717682,247558355,735257190135562240,92765772,78577879,106722331,1001410644,2673631255,100939741,2875669033,2843502012,750177026552631297,239747335,255623996,718064547291004930,400186751,103412033,418305249,129824349,1573259310,1942249200,159212067,59477242,138443914,1000772838,1687041560,98154805,4189847785,195409750,68371366,4674402505,1647738492,820298958593372160,3615628399,2332723700,2744126239,4530149052,135466702,2776292634,2231029604,110748603,2773016930,737975587,106359350,731103687997673473,128215955,2658981814,2603220486,112364582,148819885,2539568072,1241285960,103207685,210793293,2697828972,4518495380,68312128,179959129,3022689258,759726285811625987,90819024,1543124282,1028737788,256402505,154522207,76026405,3167639346,157433635,14483249,1845007832,11284102,97128605,14054246,474043610,3045840854,776967876448182275,313220725,121013287,1402369591,62989056,761176796108763136,92283339,167240403,256799121,2589021998,766631804983836673,142880137,1427652896,14731407,927643128,2951289997,4882146885,3524312660,152568882,174432016,154764097,2986115947,3141678404,14884333,3309086234,1103496770,408255485,25784387,630993052,732415501100417025,3402271814,1640228828,2644935702,1029788143,1675526834,4732721839,1217604392,486308782,2237142252,41335989,2583213432,2988445567,174831676,2886508232,2337272023,72840900,3237977286,4016349560,3059645574
166053929,1264224049,320108889,64723017,328530559,2258866224,403210652,25043006,487389327,149585330,14514082,1427449448,109937762,536124258,1369359684,2679930006,627025875,2495658756,555026658,592797308,113697022,803090686346076160,124782164,124237022,4711181012,2423813221,241518702,163000984,770294768257544192,148608218,123057317,1940741918,3124329918,744550453346656256,79169816,77898979,149445188,2615595660,480217078,173787609,120094779,412165402,590886701,3114678499,63226619,767035326,1490574733,280046719,129824349,362486249,2603220486,3688495640,2448212508,1412666898,121948820,2167589748,278927574,4830205428,145993840,582597645,4885527589,2947434344,225420705,2263777033,806977792449671169,559580024,3356416814,3274075003,61615918,11637282,68956393,4761062606,213236608,3919372272,1574672264,2675768354,278123639,524276382,4104111,15114099,2186295889,2811434557,3316270302,243933223,20775213,2527587546,1282829802,1423260744,2991084589,174980721,156257912,584337995,2752933818,1384684081,803976831380508673,14283262,364322393,4782056988,277946972,953284290,3192572094,159212067,425057562,140957446,415375895,287021085,122305557,232790891,4744008475,2384525437,221302426,45116366,113027922,14204588,107042980,636753909,3043419806,2876664235,304806782,140839919,444795110,2346300367,740379549360230400,129712355,109270564,2338020751,477375328,106923358,110705458,79140677,359086107,1171293552,565141916,202535910,308327511,217998071,16069066,789045022763028480,2397470018,707551538177118208,3604193174,3092684144,472979573,3902322613,2210034768,1013033460,4296213266,1698773754,2170395426,4888081354,796582787629412352,4768642561,321474134,772787307145338880,71258446,4546484654,15197042,17622782,704091794066132993,1451665674,786529720410054657,1563237025,529256619,16809790,3119545434,1090641373,99666183,3187328923,140661586,2506518630,181613766,273019929,350125392,4468236687,3043578366,105781620,311872255,124387481,76891783,2806736935,1524514772,1547723784,1207985966,98031440,105829199,163041111,300684112,867423907,802595731,1610344716,165147560,2299460798,57169686,476738837,716906391202439169,223723022,768108571682705409,1654565540,416876537,470279907,92004114,212237100,216633583,3998911995,12740302,287402332,55143079,266198172,2272213728,6257722,378552499,2195101268,1973723688,4648590036,230105403,28811940,2953274317,93877652,528961416,776416227673518081,34175088,30011055,3162263778,7611042,1879602871,106914013,715840055982555137,744712467473784832,2407596964,144018755,4543695072,2685151880,2893641422,3876073340,243165144,745118842045620224,3947332213,586380468,708316241102942208,69876392,3000689598,14205810,2427209972,207071154,2381477892,4686042043,2153078023,14365306,351942181,160151033,123086392,1178582910,347739325,149946725,112983529,99935747,546728886,3187539487,399567181,117878511,82114223,116126827,467970267,274533438,797545694,176053446,3139636165,154914770,4888301315,44628277,1713119108,99065146,4501201,1687041560,939088549,2515639596,425730427,929861616,2181769143,65945993,3165942768,562773398,3228930301,793692179470258176,253539506,302928032,3538415833,2766156750,1588368044,4329863065,95336816,113946504,799813018917814272,1030487389,2489869620,153387522,129793458,3100773817,61060753,3050035860,269583605,125644441,2219883769,177549105,3012829058,114146295,2658437358,2450830255,69001921,1329547237,115101698,1421226762,967692247,1319610176,198878894,2885344326,16979586,150569759,398653006,2290829526,614266230,1516719872,22369314,2234860657,103753608,619973341,3282303163,772725649077260288,88934299,785549586,237941305,178685274,758756132,1640571146,125676703,235865320,3035716638,186647848,812673573575737344,354036380,1233247134,2601900296,217230385,1403983866,14807311,136544724,126579510,142613569,3245862577,1274913919,1706876556,3234855203,981531715,114136193,388369087,211800955,88385720,69014764,534895619,3044183159,551091308,2893328989,143395531,200829722,15888322,146800457,2509949550,1913156420,1358657352,2605597950,3258901220,2545824511,1250752274,1034540978,124443587,255348664,3182466757,472985752,238144988,78560756,513734114,1874866345,601884446,2954885077,17041744,2422097749,729636779783917571,724201409940320256,854858016,2594651228,386928380,531428646,1640947453,2750137763,311566253,117779821,86282544,121388408,189122642,454092313,331647240,183181133,226517687,916553269,1363478971,2787896394,296227951,2286184658,121117243,4732173733,501750305,371563865,5161091,729265190336749569,526116212,66297785,721648549365059584,420287576,127850518,82584006,295626055,161327130,595139186,109197193,376667789,348512679,1728597109,253145219,40579647,1229312719,75828566,303036121,977900888,2363841758,1387087566,511311818,343164845,1474430012,360623475,89982090,3031667206,277024032,780131496,118974500,4805761782,2904052513,284950784,580686083,119044678,2937115692,2994800682,177177552,2991094890,1583594232,4895621683,113250265,81849885,1245697345,722631382208352256,2962883162,1863750126,1304664565,2229758856,400720799,3155792923,336470916,1331302118,162339507,4880807249,2882975708,97778363,427214413,211499786,920733390,150203938,249023475,795229854845136896,271446959,475499588,1140115897,3268874155,66601333,76930558,3068161046,319463207,140761421,3225807060,545355018,1369491462,100389301,30221731,389456196,751396059792838656,133543001,4290056592,528978054,793676027641917444,11048192,115694863,557749727,829124923,2744126239,247614791,99466724,64361064,14071487,138782673,971435947,120355126,125171112,2541244212,3009063162,47588660,105382086,709258447594725376,3152149320,701508926471168000,3095924610,1076426167,740751445771747328,2881378579,743733183468834816,232816019,2954176903,46610863,726446347113525249,176387462,702737735035949057,910307893,582494043,516979197,362401254,738899638594375680,1248659096,1165846555,3221008237,1108302650,69472367,487230954,1200132925,615128540,59111213,98369037,590412297,786526296436121600,724718263519707136,368996234,442004205,1196793104,121611149,63461143,2645227302,4713535933,702642855588663296,2954867958,86714891,1603825117,3679171938,295546636,27829621,2465862210,82243014,745616877473275906,51000475,93354555,582786194,2613340494,84863232,135844145,1389378229,260270202,2254646966,111464118,15982204,437749202,793761787006943232,3189365473,713538966901751810,1974810612,170939623,268215436,77198783,3459479119,153339375,2208877172,1572335857,3269798672,293585095,279995344,255483495,175241788,543416483,2711712037,799750525,131847523,793384641637908481,1214939851,1110001880,44940172,66248781,4518495380,271911626,3426467953,1199621377,3267110708,389950297,458359698,337556529,925078362,196499771,3061307797,246120775,113175398,1326527461,163862538,2318896046,3534000260,2932864364,2384631313,383856076,3005740748,160397845,3411521,223410747,4738509493,777774072,1483149211,96301196,2705492695,4673443538,479367164,582661019,103045051,1330713522,737075095261188096,1713274057,2254232792,167959130,978455046,172633862,1582220683,264840291,315102515,729573631764762624,1923257508,2352734053,196108701,97824015,1929587263,2243990906,104243106,162444870,1866980005,107645385,112364582,1881786662,156921608,128508867,3059396016,64098572,585767501,305337902,5631872,1666176439,1343914832,3259579002,139164333,2246842249,90668355,725843530095063041,920232534,3313011139,582769131,234755004,316017782,1878666397,837234816558866432,357439604,2311741759,97877512,428288293,741306859550740480,500354047,1671505184,166857250,35202072,250016546,2468347933,445958544,1103443658,98891949,15721090,443554101,195746332,3010841328,154152824,147961646,1035989251,825722632125308928,2437856749,179374042,264320265,799054495778902016,710320090365845505,2475684354,57610574,114606028,2808820982,1025942498,376848464,555731239,185602827,192846775,145570655,610909079,153665283,2343754692,4880994851,142259228,1476368089,125569629,976044193,2172527923,3983110578,168607318,156101150,168122871,240709714,764454329365344257,2829565116,3053959400,2951167880,205278010,241518853,515530852,2322986196,3171131006,121840316,111880950,796199161,504670586,203576003,1354247215,717387731505025024,2512659728,113901544,478151841,3323015893,1420919810,2285002381,3401711,155815041,2896024994,154510343,1550020328,14321173,111868788,232585467,110138953,189777619,2909429360,141610735,711498075315933184,2203134588,1607484811,2468761686,3304226066,760075143565631489,761555897105526784,2417112420,163481467,2322305444,2953098450,1570828464,707636043562901504,935118805,243059977,3286002368,3238392042,2270370175,2993903329,1721569584,554006233,1209260426,2721887336,749593075194834946,1588731404,820482874101014531,776967876448182275,1197067507,3041678240,4608236540,117132594,108925802,617025273,764261509136420864,321897940,158227376,3168765151,161326433,800544327269134336,2706032359,2272797019,1217604392,2842190244,98154805,400026244,745596723192442883,62103993,266503807,111134927,406144362,819850298520764416,1116748572,2493043944,6187612,497038699,154098704,93291481,113559671,614065373,2816318186,754972550405296129,820855137610571776,817566381134618624,106722331,130548630,1499874158,254489558,2278316137,438259292,1863151874,1840846752,345869589,5660332,3152611602,1214934704,142492951,1041293886,88400057,69484065,2664182820,3168953443,697005636467339264,2697828972,225306926,3935308512,109146393,472896116,2216911134,2383817438,1611778938,2358066727,740913022927962113,788774233,1381911260,927643128,903709178,118598066,1923001070,3558795492,2191464510,3237977286,545119130,815897614478495745,20063068,93336410,1548029071,58494741,763282227597750272,239747335,2317151762,108198353,148750065,569561320,183079588,106415431,940606650,4027691,156249975,576051950,142605239,92765772,1346916284,3022689258,89237626,129026670,400186751,333986096,68371366,195409750,103412033,4351176978,158735114,138443914,1680042638,3615011892,4728394050,2843502012,476712512,2829882722,783691840717336576,93198711,418305249,1001410644,243302287,1562215802,749430184407801856,14731407,2332723700,520306331,108868191,1344776983,820298958593372160,786388968,444716886,106359350,3688487773,2773016930,715573470034145280,120603339,474043610,97931629,107366362,565885836,1241285960,4920852000,19516793,726851210787979264,4882146885,854065868,2268910746,135466702,737975587,128215955,2658981814,2853913922,2231029604,355467508,103207685,289324309,2597811446,256402505,3167639346,179959129,3178222652,62261018,92283339,130486983,1640228828,963395892,128377301,313220725,14054246,1016464634,1427652896,215101555,142880137,4779249638,1637533123,2623627357,187937709,1185681416,3355354512,228271850,1413237433,504643253,4403507245,457142989,2455978724,493934466,781398239702503424,3006655818,2536397517,113893439,257727041,2180394756,152568882,17445709,379382447,324076299,128559255,2588219065,96519178,220942976,163463985,389039227,134336639,249156356,3141678404,268762996,194523471,266777507,49116473,2176257618,84634164,151214284,2349614204,174432016,1910610115
166053929,59111213,2593143055,114606028,3276366445,328530559,2258866224,25043006,3097481544,487389327,3459479119,149585330,172396108,14514082,145993840,1427449448,1369359684,103753608,592797308,88934299,113697022,4711181012,84863232,535874556,2423813221,2918770074,448183103,2483889439,241518702,123057317,562773398,3124329918,77898979,120094779,710046000065318912,559580024,767035326,16979586,412165402,63226619,362486249,144511438,4776892400,412268132,176693696,1459767775,3688495640,543416483,2868838100,9801092,1412666898,397671438,742697102665338880,2167589748,278927574,4830205428,121013287,103045051,2263777033,69192381,3274075003,2463103940,582597645,2527587546,370956885,213236608,3356416814,803976831380508673,61615918,14283262,3103028214,174980721,3739847609,107042980,2853913922,175941832,2450830255,552513982,278123639,582769131,170939623,1733872003,729636779783917571,30011055,804790611303772160,315102515,1384684081,3282680053,2795880386,2186295889,2752933818,113027922,364322393,760073383476199424,287021085,953284290,140957446,2283007519,355467508,238144988,389950297,726851210787979264,179561709,731103687997673473,277946972,2709103004,122305557,3224848008,433516270,45116366,221302426,701313023814688768,4104111,113901544,2384525437,2278316137,1265665754,425057562,3192572094,415375895,636753909,2947434344,4761062606,106923358,2876664235,2477585239,3043419806,4296213266,17041744,2338020751,25784387,2396823888,2419032854,304806782,2219883769,1171293552,820910466234863616,110705458,3947332213,136864085,2177658794,349658830,2257161986,740379549360230400,708609784971309056,799813018917814272,225306926,3059396016,154152824,2193852151,132404336,1125217380,2778597745,16412925,531428646,1451665674,3328723975,89599240,2210034768,217998071,1264224049,2397470018,2299460798,2529321883,130822837,859452704,1013033460,17622782,146320096,4157877853,992328512,4768642561,181613766,1859898992,485235199,71258446,529256619,15197042,704091794066132993,1130385000,311872255,4778613001,2673631255,1563237025,3187328923,729265190336749569,350125392,1613064720,140661586,11284102,4468236687,799627570446667777,4824023399,105781620,2893641422,1524514772,76891783,414731801,3043578366,2750137763,1547723784,1207985966,150203938,165147560,3170576534,777774072,173269152,800185467538788352,86129051,2783637200,2615595660,3114678499,935118805,99666183,167240403,15721090,98031440,163041111,1495688575,92004114,1610344716,243059977,1625818634,145452099,867423907,2195101268,265761961,238851732,183181133,57169686,716906391202439169,223723022,2458238965,3149412728,785083170802708480,416876537,768108571682705409,2479200481,476738837,108890771,3168765151,590886701,148268248,287402332,709258447594725376,2951289997,12740302,3998911995,769689637614854145,216633583,1680109064,615229450,781434858,2172527923,3079609946,373995697,55143079,162444870,2214284466,6257722,378552499,266198172,230105403,4648590036,186647848,776416227673518081,2427209972,806977792449671169,1582593170,2407596964,586380468,582661019,744712467473784832,1233247134,1494803922,715840055982555137,3876073340,4543695072,458359698,1490001877,561197036,115101698,243165144,109270564,69876392,1036891830,28770889,1343914832,1879602871,708316241102942208,2381477892,136544724,4686042043,2153078023,430594344,2376778740,112983529,269907583,3194900138,134448922,1687041560,3103411352,4880807249,116126827,99935747,351942181,3187539487,176053446,546728886,93877652,772725649077260288,967692247,5524732,2221672860,274533438,99065146,939088549,3139636165,929045706,815897614478495745,44628277,154914770,302928032,2539568072,2390263165,235865320,3228930301,1588368044,4737008827,1693339100,1030487389,2489869620,1329547237,269583605,3282303163,69001921,2234860657,619973341,1516719872,17148691,237941305,178685274,127152635,354036380,793692179470258176,98369037,3272542110,1640571146,3035716638,722951982,758756132,1421226762,2601900296,2697828972,1403983866,1250752274,146648804,565141916,267161682,15888322,2605597950,155511166,111856529,1274913919,981531715,78560756,200829722,92765772,1474430012,114146295,99068944,219857976,69014764,3162263778,109423388,4695478344,551091308,812673573575737344,149946725,2509949550,1913156420,534895619,2811434557,249181779,126579510,2729570401,398653006,1034540978,487235862,108198353,296227951,124443587,2907746378,513734114,4911604934,3092684144,14807311,2954885077,470279907,386928380,472985752,86282544,454092313,331647240,916553269,2787896394,582786194,1903582759,196108701,2286184658,121117243,4732173733,2766156750,5161091,16809790,526116212,336470916,3069482696,187195249,780373226455076865,4755726978,82584006,127850518,722243174542868480,66297785,721648549365059584,2229758856,595139186,854858016,2843502012,128745563,62103993,348512679,259213878,295626055,303036121,371563865,977900888,1013431068,3006311940,4879041,280022820,229126526,83364615,779580602160865285,161327130,783500067558653952,2994800682,360623475,2363841758,517868472,277024032,376667789,511311818,217294345,3225807060,1603825117,1528035774,1169219893,89982090,379382447,119044678,177177552,710417564615122944,2590863960,2904052513,7611042,399372676,121388408,2675768354,1583594232,1024020061,757793294,1863750126,1385741564,1245697345,6052602,93857594,803090686346076160,723934291,253145219,105546083,1304664565,3031667206,400720799,2365023114,1331302118,3237829371,232816019,920733390,159678893,3155792923,76930558,162339507,528978054,271446959,146691028,176387462,249023475,3068161046,311566253,1699232659,98154805,2318896046,557749727,793676027641917444,467970267,96116357,738899638594375680,14071487,64361064,50690090,125171112,46610863,766234603661197312,2954176903,14365306,582494043,34175088,395387489,697005636467339264,786526296436121600,47588660,2885344326,1196793104,695644493274415104,927680065,780131496,247614791,1210682473,704930243325329408,51000475,1248659096,701725159971909632,2881378579,202176646,3044183159,260270202,63461143,1706876556,1090641373,66601333,1165846555,631695066,702642855588663296,17445709,816275669935980544,4713535933,111464118,2465862210,95411578,362401254,745616877473275906,268215436,3679171938,3273648612,113250265,93354555,310291557,536124258,1389378229,2900997331,109146393,251632488,177549105,1974810612,747581004525666304,15982204,131847523,77198783,243933223,113805879,7185672,279995344,437749202,110708677,2217223704,759036149687984130,1572335857,3269798672,1640716315,30573693,1358657352,1214939851,363441137,133354204,2181769143,2711712037,1107824017,142292017,44940172,202083315,246120775,1368492708,3413591053,2154477704,486262947,2578713978,337556529,3061307797,925078362,783837725854085121,3868654392,3092826535,1326527461,2645052457,3426467953,1199621377,2923072369,1035989251,2181917178,87115541,319463207,3189365473,163862538,3309086234,114155473,3534000260,223410747,4738509493,96301196,4673443538,160397845,105829199,737075095261188096,1178582910,2356542222,2645227302,2157703405,172633862,1001410644,3283978166,765791204,167959130,305337902,142259228,403210652,1923257508,111305124,1861508138,472979573,1713274057,2383170865,104243106,2243990906,1298756737,2352734053,156921608,1582220683,724808278086012928,120417286,1881786662,107645385,139164333,3909041,477375328,3259579002,3005740748,2915439524,1572909170,2170395426,103412033,630993052,176686492,515530852,2246842249,1878666397,47908556,316017782,2939702407,112364582,2874448400,737559606788952069,428288293,97877512,147530052,98891949,1103443658,2986618076,2784915054,1214934704,1319610176,3835822874,815705321108750336,3187970742,3184125042,3272376428,837234816558866432,717387731505025024,1671505184,769721903460196352,2311741759,240698532,2489894508,35202072,1718002796,2468347933,195746332,443554101,3809723473,264320265,1025942498,555731239,1612545812,376848464,632473568,619182875,2915838656,390031212,1016464634,433195700,2343754692,3053959400,125569629,3983110578,12286282,825722632125308928,764454329365344257,2322986196,3171131006,203576003,96357612,121840316,799054495778902016,504670586,95336816,796199161,2565480336,1550020328,3323015893,389456196,795208246160072706,116399040,111868788,3919372272,3401711,2909429360,2953098450,711498075315933184,554006233,280046719,319489095,1420919810,271839853,1866980005,450577915,141610735,1570828464,4751579246,3843153554,232585467,1607484811,3238392042,1396428319,104103380,1209260426,1721569584,866157589,820482874101014531,903709178,2512659728,500354047,3198281406,103482322,764261509136420864,2993903329,1646647501,158227376,745596723192442883,400026244,182285285,272277672,1951871065,116467035,2368837812,1249348933,253938110,4608236540,749593075194834946,1962030606,2842190244,129140893,111134927,927643128,390435662,117813974,183079588,1116748572,129824349,102944802,3003260880,3194931222,108499170,1948804807,2493043944,617025273,113559671,155211167,6187612,264627362,101332395,5660332,93291481,548376650,100735582,156101150,215270961,1916111221,1850506806,15289385,614065373,438259292,2642522798,437515024,2475684354,2816318186,453046221,585767501,545119130,1840846752,1312499438,2232883778,1419544034,266503807,2354008052,765414140,2384631313,88400057,141511172,152568882,240159914,477520758,176731145,154098704,720412148761931776,3935308512,788774233,1381911260,388369087,2191464510,3558795492,92283339,4726338518,710471354378788864,2693125964,605695639,20063068,329064197,105408701,129806087,3237977286,2383817438,239747335,106722331,1483149211,4177799052,2589539666,755380822266437632,763282227597750272,213652446,3119780238,185154117,84240596,737975587,1548029071,1652308872,3011106324,579686357,143395531,400186751,68371366,1310167417,740913022927962113,3188477804,195409750,106359350,2300772428,138443914,3022689258,192767456,725843530095063041,156249975,1923812821,14731407,44630559,313837976,2332723700,444716886,293585095,56691365,3061195921,382732869,820298958593372160,418305249,584337995,343164845,3688487773,1241285960,1628340337,2793018904,2773016930,2744126239,104823519,106415431,14593489,4882146885,798766398826684416,128215955,130486983,135466702,157163299,2658981814,3167639346,256402505,66248781,62261018,148789104,2231029604,81849885,103207685,4911411764,276747244,313220725,742118714280050690,3118908378,229780603,116583207,93247238,110597690,2662515085,117132594,437246171,786529720410054657,732938444532391937,3022125416,174902179,1601325775,164165832,232858720,477662077,3445180092,119375961,268231129,2360710692,3021901800,179959129,284575303,4325563337,43809995,260214785,805396656552218624,1927123123,1640228828,191868738,159212067,163463985,783558192936595456,3285467443,163000984,2887582890,3188636516,2151176886,264840291,2937115692,4843746614,95809187,200747827,126869577,147926716,505924173,2301116940,625678995,2880648721,1394168604,99256908,4736964470,18047624,2931796370,251533156,82054286,269632504,1254107040,174831676,2545824511,3194883110,781823883372486660,130396428,1331354773,2429820356,204198795,139931339,779509437157429248,5573352,810904522285400064,2665609004,1427652896,938260682,1558240716,1704834752,65945993
166053929,328530559,2427209972,2916453350,25043006,3835822874,2258866224,487389327,69651070,101667215,1902071160,149585330,106680549,287084597,14514082,90078908,1427449448,1369359684,592797308,1524583459,4711181012,78167771,113697022,2423813221,241518702,123057317,3124329918,121840316,77898979,183079588,120094779,4641327792,17445709,63226619,2968709888,559580024,412165402,278927574,767035326,1412666898,161702581,362486249,799759126989447169,3007915002,3067325389,3688495640,729573631764762624,2614965704,630993052,3459479119,555887624,2186295889,636753909,2167589748,3170576534,585767501,3029466282,3274075003,553629364,562773398,825591135812739072,213236608,103753608,576051950,2590863960,2893328989,3304226066,708427031592046592,4830205428,82760669,2263777033,66601333,2527587546,803976831380508673,3021843930,1324515715,582597645,3181531904,174980721,1499874158,111262455,1025942498,3208854919,105382086,3356416814,164289791,454092313,61615918,408175178,1604902477,3279083090,14283262,278123639,1476836766,1384684081,2752933818,304806782,287021085,364322393,113027922,45116366,953284290,140957446,277946972,129249559,3192572094,122305557,221302426,4897542897,178697720,2384525437,368996234,425057562,415375895,107042980,106923358,2876664235,562085245,121721069,2338020751,3043419806,110705458,192767456,1171293552,2371124150,2210034768,217998071,2397470018,1923392100,1524514772,740379549360230400,4468236687,704091794066132993,4768642561,1264224049,168459870,1013033460,4296213266,17622782,66341567,14054246,472985752,4640023230,181613766,529256619,2283007519,71258446,3325221866,15197042,105781620,3187328923,4104111,1563237025,3196125259,350125392,59111213,2257161986,2960415805,76891783,140661586,267161682,4761062606,311872255,988918410,381391481,3043578366,302354380,2947434344,1547723784,129026670,2811434557,3190764216,2221260234,3245862577,1207985966,165147560,98031440,751344595,163041111,3013012020,3010848974,2216911134,319489095,1610344716,92004114,619973341,867423907,2195101268,57169686,2299460798,3114678499,1090641373,99666183,777774072,716906391202439169,88978627,223723022,55143079,2986115947,14365306,3279633842,419515470,3240026966,1953124550,3189365473,416876537,768108571682705409,287402332,378552499,3998911995,12740302,6257722,216633583,266198172,2199625903,479420138,230105403,1921852537,4883012718,776416227673518081,66248781,4648590036,806977792449671169,2407596964,275280598,779236687574511616,30011055,541632610,586380468,744712467473784832,3876073340,215270961,3302673217,715840055982555137,4543695072,3119545434,2893641422,2213956190,243165144,3947332213,69876392,2391166176,1182118044,590886701,99935747,708630418564587521,112983529,267749951,819538290,2153078023,18603165,3149412728,116126827,711498075315933184,2896024994,59654139,4686042043,708316241102942208,134776591,351942181,176053446,99065146,981531715,115029977,4880807249,3596957652,546728886,2675768354,286701491,2381477892,178672671,1879602871,3187539487,274533438,939088549,2368837812,3139636165,44628277,967692247,154914770,302928032,107220190,2219883769,275433427,354036380,2842190244,925078362,772725649077260288,784619564,1588368044,235865320,1030487389,2933878796,703928794235572224,269583605,1329547237,116399040,714295422567600128,3228930301,758756132,84863232,11637282,109937762,3282303163,2489869620,115101698,69001921,826812008519471104,2234860657,476738837,2450830255,1516719872,2673631255,88934299,237941305,178685274,1233247134,1050192536,2954176903,1250752274,362401254,126869577,126579510,784241862789832705,823827298205863936,160620697,186647848,1640571146,166669927,343524443,3035716638,1403983866,15888322,793692179470258176,2601900296,565141916,3690916093,253145219,136544724,811132416983068672,1274913919,3168765151,2605597950,200829722,78560756,445277444,5660332,69014764,345862829,4923818598,2509949550,2750137763,765519252589727744,3850576632,2337272023,155211167,551091308,296227951,1913156420,2697828972,504670586,80869707,1034540978,224171470,93877652,148268248,109270564,3092684144,534895619,17041744,1421226762,1040388434,2954885077,2844114078,132144376,513734114,4619399178,812673573575737344,386928380,398653006,3019321334,2949752521,2615595660,729636779783917571,3194931222,20909451,86282544,617095468,110748603,1490001877,715573470034145280,81872670,331647240,69472367,127850518,916553269,2787896394,569561320,14807311,391727428,4732173733,121117243,3230946368,2286184658,338175797,1396874545,66297785,729265190336749569,2229758856,5161091,114146295,526116212,82584006,595139186,28770889,721648549365059584,277066361,3059396016,5437232,111464118,849258434,303036121,161327130,4177561584,295626055,977900888,348512679,124443587,7611042,2994800682,360623475,277024032,129583596,732771894416412672,2391023642,211499786,428436774,511311818,701725159971909632,2363841758,247558355,89982090,320115927,3021325016,2734614966,418305249,737975587,158712858,101332395,376667789,142259228,3016308662,105312333,177177552,336470916,3031667206,119044678,1474430012,2904052513,58405870,3059637102,1583594232,1863750126,1304664565,400720799,109146393,1245697345,1242531530,738899638594375680,803090686346076160,220942976,185112212,780373226455076865,371563865,120986200,2232672451,1331302118,108925802,232816019,4873463820,5532582,2300772428,920733390,271911626,135024885,3349941013,2511948152,618245970,162339507,121388408,2986257451,271446959,5707612,76930558,4179349514,3155792923,211390677,301488928,582494043,305337902,3162263778,741974308017164289,557749727,1462827506,3068161046,2717248874,614065373,713012772045348864,528978054,176387462,2881378579,173096808,432145272,46610863,2999619314,81128999,311566253,14071487,102593218,709258447594725376,467970267,793676027641917444,427214413,125171112,64361064,3066576181,249023475,272981405,4713535933,2310190892,51000475,2362667282,124782164,780131496,34175088,1196793104,3225807060,786526296436121600,110138953,260270202,1706876556,47588660,470279907,595525996,63461143,702642855588663296,2885344326,582661019,146800346,4880994851,359086107,2465862210,143404547,268215436,745616877473275906,265761961,1165846555,247614791,228662131,1021301797,1389378229,1248659096,93354555,177549105,4779249638,15982204,1974810612,56597658,131847523,77198783,243933223,437749202,183181133,313745270,2598168246,232858720,1572335857,834804901167259649,316017782,726851210787979264,543416483,1214939851,2711712037,3315835183,2953274317,1461224071,2181769143,44940172,736458590211301376,458359698,3269798672,866157589,250016546,379382447,1319610176,809633848002691072,495499887,246120775,2367230214,725843530095063041,293407200,337556529,358769277,4711433653,3061307797,718064547291004930,771893899841470464,223410747,142292017,64723017,425391700,1013431068,1326527461,1026002990,258617654,1199621377,1035989251,3426467953,779860215155990528,136864085,601884446,4738509493,2479200481,7622742,140890169,84282167,319463207,98369037,163862538,96301196,515530852,92765772,2794008567,4673443538,3679171938,147887685,99515753,737075095261188096,160397845,105829199,105408701,156921608,109111349,1343914832,172633862,1923257508,472979573,2268910746,196108701,167959130,92793928,113250265,224990450,304241339,162444870,104243106,2170395426,4388891539,3688487773,153339375,2243990906,3186628429,12127122,120489098,2352734053,1881786662,3014161212,3045840854,113261390,428288293,1713274057,139164333,2855217596,52028082,1152553026,156249975,2196533113,477375328,769721903460196352,1582220683,23043605,1386019038,787047858742505472,2468347933,107645385,252015233,3259579002,717387731505025024,1878666397,1451665674,582769131,114606028,2246842249,1028603990,170939623,3534000260,1402173962,854858016,196858438,1671505184,97877512,332187159,3040476331,125569629,111880950,98891949,1103443658,106359350,458937307,2720627318,35202072,195746332,154152824,443554101,3100773817,3235858249,264320265,136179921,2645227302,3413591053,837234816558866432,127152635,555731239,156266412,2311741759,343119045,376848464,1364429005,4608236540,3246031,1027920860,1923001070,735406623225610240,151784712,15721090,3053959400,86129051,2343754692,2322986196,764454329365344257,3548317394,115694863,757564933647106048,79169816,907776512,3005740748,84279864,1319479705,3983110578,112364582,203576003,3171131006,260251167,1550020328,95336816,1211587062,726446347113525249,3919372272,4884993584,2174044062,111868788,3234855203,3095448462,3323015893,75828566,825722632125308928,796199161,1936665510,3252399468,1205285521,1116748572,2909429360,3401711,1420919810,2953098450,799054495778902016,3238392042,2181805320,3266869692,555026658,141610735,1607484811,174955991,554006233,1209260426,2939965898,533204379,1570828464,3067508652,232585467,820482874101014531,1721569584,400026244,627986497,92648092,903709178,4100919132,86230927,745596723192442883,772829831331315716,158227376,2847247915,111134927,2759083950,764261509136420864,1021642374,749593075194834946,927643128,2993903329,27829621,2493043944,740564585199992832,103412033,443707029,113559671,101741110,238016849,129824349,735066037385715712,328745987,94289754,614266230,2512659728,93291481,6187612,617025273,2816318186,1840846752,71726403,730292148554194944,150876450,438259292,55112346,98154805,280046719,1866980005,2243242292,3095924610,176634709,697005636467339264,88400057,500354047,2280312554,788774233,3935308512,2840853390,448485458,1381911260,2191464510,3558795492,281588490,75483767,82900665,266503807,545119130,20063068,2840895871,1711375848,92283339,2318896046,2306400685,529566623,722631382208352256,1559952566,239747335,106722331,134336639,803251242,2278316137,108198353,3237977286,4802615244,952917517,68371366,1063561645,800873138842050560,400186751,731704095581470720,2383817438,1011315967,111604777,1140315960,143395531,333986096,3077147490,2703151622,4654430774,1159735171,2190627913,138443914,2197954712,12286282,195409750,1147945752,1215689899,1473688340,498954926,156101150,1687041560,14731407,763282227597750272,14489679,805642847609196545,1548029071,1718002796,2332723700,151277224,737559606788952069,479609871,444716886,820298958593372160,3187970742,584337995,130037642,251790739,179094450,1241285960,3022689258,2773016930,4882146885,2744126239,128215955,36924470,553466099,2669961738,135466702,1001410644,2904124170,2658981814,4765906634,355467508,3402271814,130486983,740913022927962113,2151176886,178865050,3167639346,256402505,110597690,15804278,1903846218,154764097,2237142252,819701467070099457,2376778740,532853902,2937110376,1549650422,1155373262,776967876448182275,212941972,68956393,1086163429,158194458,72840900,79140677,423940329,228218753,264920080,703059353704640512,1863418321,362414323,4121184132,3190888184,164670171,254515182,1975990291,716450801200136192,3257172907,6386322,139402255,2243905819,527459582,7654402,255483495,105086035,2813124824,103207685,2956051663,2349866162,592526348,89599240,3059645574,4378187414,1427897413,55897052,96971110,159088067,741257818414534657,3224848008,4486744412,1707067321,2539035872,2604611660,2429820356,1277935184,261589287,3188934348,2714306095,14483249
